0 0 100.000000
0 1 100.000000
0 2 100.000000
0 3 100.000000
0 4 100.000000
0 5 100.000000
0 6 100.000000
0 7 100.000000
0 8 100.000000
0 9 100.000000
0 10 100.000000
0 11 100.000000
0 12 100.000000
0 13 100.000000
0 14 100.000000
0 15 100.000000
0 16 100.000000
0 17 100.000000
0 18 100.000000
0 19 100.000000
0 20 100.000000
0 21 100.000000
0 22 100.000000
0 23 100.000000
0 24 100.000000
0 25 100.000000
0 26 100.000000
0 27 100.000000
0 28 100.000000
0 29 100.000000
0 30 100.000000
0 31 100.000000
0 32 100.000000
0 33 100.000000
0 34 100.000000
0 35 100.000000
0 36 100.000000
0 37 100.000000
0 38 100.000000
0 39 100.000000

1 0 10.000000
1 1 50.940946
1 2 68.938694
1 3 77.962414
1 4 83.057256
1 5 86.227298
1 6 88.352295
1 7 89.857849
1 8 90.968800
1 9 91.813251
1 10 92.468904
1 11 92.985338
1 12 93.395494
1 13 93.721958
1 14 93.980573
1 15 94.182620
1 16 94.336160
1 17 94.446893
1 18 94.518710
1 19 94.554035
1 20 94.554035
1 21 94.518710
1 22 94.446893
1 23 94.336160
1 24 94.182620
1 25 93.980573
1 26 93.721958
1 27 93.395494
1 28 92.985338
1 29 92.468904
1 30 91.813251
1 31 90.968800
1 32 89.857849
1 33 88.352295
1 34 86.227298
1 35 83.057256
1 36 77.962414
1 37 68.938694
1 38 50.940946
1 39 10.000000

2 0 10.000000
2 1 33.637184
2 2 50.298186
2 3 61.362722
2 4 68.778595
2 5 73.901023
2 6 77.561951
2 7 80.261861
2 8 82.306457
2 9 83.887816
2 10 85.130499
2 11 86.117773
2 12 86.906827
2 13 87.537822
2 14 88.039442
2 15 88.432378
2 16 88.731567
2 17 88.947650
2 18 89.087926
2 19 89.156965
2 20 89.156965
2 21 89.087926
2 22 88.947650
2 23 88.731567
2 24 88.432378
2 25 88.039442
2 26 87.537822
2 27 86.906827
2 28 86.117773
2 29 85.130499
2 30 83.887816
2 31 82.306457
2 32 80.261861
2 33 77.561951
2 34 73.901023
2 35 68.778595
2 36 61.362722
2 37 50.298186
2 38 33.637184
2 39 10.000000

3 0 10.000000
3 1 25.989036
3 2 39.403654
3 3 49.813082
3 4 57.674254
3 5 63.597586
3 6 68.101736
3 7 71.572883
3 8 74.285271
3 9 76.431137
3 10 78.145599
3 11 79.524563
3 12 80.636926
3 13 81.532752
3 14 82.248739
3 15 82.811891
3 16 83.242000
3 17 83.553328
3 18 83.755742
3 19 83.855449
3 20 83.855449
3 21 83.755742
3 22 83.553328
3 23 83.242000
3 24 82.811891
3 25 82.248739
3 26 81.532752
3 27 80.636926
3 28 79.524563
3 29 78.145599
3 30 76.431137
3 31 74.285271
3 32 71.572883
3 33 68.101736
3 34 63.597586
3 35 57.674254
3 36 49.813082
3 37 39.403654
3 38 25.989036
3 39 10.000000

4 0 10.000000
4 1 21.904095
4 2 32.668554
4 3 41.790442
4 4 49.252042
4 5 55.258417
4 6 60.071282
4 7 63.934088
4 8 67.048200
4 9 69.571556
4 10 71.625057
4 11 73.300351
4 12 74.666730
4 13 75.776594
4 14 76.669572
4 15 77.375546
4 16 77.916835
4 17 78.309754
4 18 78.565711
4 19 78.691936
4 20 78.691936
4 21 78.565711
4 22 78.309754
4 23 77.916835
4 24 77.375546
4 25 76.669572
4 26 75.776594
4 27 74.666730
4 28 73.300351
4 29 71.625057
4 30 69.571556
4 31 67.048200
4 32 63.934088
4 33 60.071282
4 34 55.258417
4 35 49.252042
4 36 41.790442
4 37 32.668554
4 38 21.904095
4 39 10.000000

5 0 10.000000
5 1 19.396506
5 2 28.206908
5 3 36.065777
5 4 42.843982
5 5 48.571165
5 6 53.355789
5 7 57.331549
5 8 60.628786
5 9 63.362292
5 10 65.627984
5 11 67.503705
5 12 69.051572
5 13 70.320623
5 14 71.349235
5 15 72.167140
5 16 72.797024
5 17 73.255748
5 18 73.555241
5 19 73.703129
5 20 73.703129
5 21 73.555241
5 22 73.255748
5 23 72.797024
5 24 72.167140
5 25 71.349235
5 26 70.320623
5 27 69.051572
5 28 67.503705
5 29 65.627984
5 30 63.362292
5 31 60.628786
5 32 57.331549
5 33 53.355789
5 34 48.571165
5 35 42.843982
5 36 36.065777
5 37 28.206908
5 38 19.396506
5 39 10.000000

6 0 10.000000
6 1 17.700136
6 2 25.062262
6 3 31.836840
6 4 37.890627
6 5 43.188490
6 6 47.759833
6 7 51.668140
6 8 54.989622
6 9 57.800523
6 10 60.170664
6 11 62.160835
6 12 63.822319
6 13 65.197440
6 14 66.320533
6 15 67.218969
6 16 67.914114
6 17 68.422131
6 18 68.754605
6 19 68.919010
6 20 68.919010
6 21 68.754605
6 22 68.422131
6 23 67.914114
6 24 67.218969
6 25 66.320533
6 26 65.197440
6 27 63.822319
6 28 62.160835
6 29 60.170664
6 30 57.800523
6 31 54.989622
6 32 51.668140
6 33 47.759833
6 34 43.188490
6 35 37.890627
6 36 31.836840
6 37 25.062262
6 38 17.700136
6 39 10.000000

7 0 10.000000
7 1 16.471598
7 2 22.730830
7 3 28.605538
7 4 33.983533
7 5 38.811379
7 6 43.081574
7 7 46.816948
7 8 50.057143
7 9 52.848802
7 10 55.239253
7 11 57.272897
7 12 58.989413
7 13 60.423088
7 14 61.602774
7 15 62.552168
7 16 63.290207
7 17 63.831480
7 18 64.186590
7 19 64.362443
7 20 64.362443
7 21 64.186590
7 22 63.831480
7 23 63.290207
7 24 62.552168
7 25 61.602774
7 26 60.423088
7 27 58.989413
7 28 57.272897
7 29 55.239253
7 30 52.848802
7 31 50.057143
7 32 46.816948
7 33 43.081574
7 34 38.811379
7 35 33.983533
7 36 28.605538
7 37 22.730830
7 38 16.471598
7 39 10.000000

8 0 10.000000
8 1 15.536991
8 2 20.931612
8 3 26.061729
8 4 30.837891
8 5 35.206101
8 6 39.143554
8 7 42.651122
8 8 45.745477
8 9 48.452386
8 10 50.801692
8 11 52.823890
8 12 54.547984
8 13 56.000276
8 14 57.203759
8 15 58.177900
8 16 58.938641
8 17 59.498493
8 18 59.866681
8 19 60.049271
8 20 60.049271
8 21 59.866681
8 22 59.498493
8 23 58.938641
8 24 58.177900
8 25 57.203759
8 26 56.000276
8 27 54.547984
8 28 52.823890
8 29 50.801692
8 30 48.452386
8 31 45.745477
8 32 42.651122
8 33 39.143554
8 34 35.206101
8 35 30.837891
8 36 26.061729
8 37 20.931612
8 38 15.536991
8 39 10.000000

9 0 10.000000
9 1 14.799438
9 2 19.498491
9 3 24.007822
9 4 28.256888
9 5 32.197027
9 6 35.800530
9 7 39.057219
9 8 41.970067
9 9 44.550922
9 10 46.816876
9 11 48.787482
9 12 50.482754
9 13 51.921837
9 14 53.122170
9 15 54.098998
9 16 54.865121
9 17 55.430785
9 18 55.803654
9 19 55.988819
9 20 55.988819
9 21 55.803654
9 22 55.430785
9 23 54.865121
9 24 54.098998
9 25 53.122170
9 26 51.921837
9 27 50.482754
9 28 48.787482
9 29 46.816876
9 30 44.550922
9 31 41.970067
9 32 39.057219
9 33 35.800530
9 34 32.197027
9 35 28.256888
9 36 24.007822
9 37 19.498491
9 38 14.799438
9 39 10.000000

10 0 10.000000
10 1 14.200825
10 2 18.327959
10 3 22.314145
10 4 26.103464
10 5 29.653887
10 6 32.937526
10 7 35.939218
10 8 38.654164
10 9 41.085306
10 10 43.240849
10 11 45.132159
10 12 46.772109
10 13 48.173848
10 14 49.349930
10 15 50.311728
10 16 51.069053
10 17 51.629922
10 18 52.000425
10 19 52.184651
10 20 52.184651
10 21 52.000425
10 22 51.629922
10 23 51.069053
10 24 50.311728
10 25 49.349930
10 26 48.173848
10 27 46.772109
10 28 45.132159
10 29 43.240849
10 30 41.085306
10 31 38.654164
10 32 35.939218
10 33 32.937526
10 34 29.653887
10 35 26.103464
10 36 22.314145
10 37 18.327959
10 38 14.200825
10 39 10.000000

11 0 10.000000
11 1 13.704209
11 2 17.352510
11 3 20.892947
11 4 24.280695
11 5 27.479995
11 6 30.464762
11 7 33.218097
11 8 35.731069
11 9 38.001142
11 10 40.030541
11 11 41.824738
11 12 43.391168
11 13 44.738187
11 14 45.874279
11 15 46.807467
11 16 47.544895
11 17 48.092541
11 18 48.455019
11 19 48.635467
11 20 48.635467
11 21 48.455019
11 22 48.092541
11 23 47.544895
11 24 46.807467
11 25 45.874279
11 26 44.738187
11 27 43.391168
11 28 41.824738
11 29 40.030541
11 30 38.001142
11 31 35.731069
11 32 33.218097
11 33 30.464762
11 34 27.479995
11 35 24.280695
11 36 20.892947
11 37 17.352510
11 38 13.704209
11 39 10.000000

12 0 10.000000
12 1 13.284973
12 2 16.526354
12 3 19.683084
12 4 22.718753
12 5 25.603034
12 6 28.312319
12 7 30.829660
12 8 33.144167
12 9 35.250092
12 10 37.145771
12 11 38.832567
12 12 40.313910
12 13 41.594467
12 14 42.679463
12 15 43.574153
12 16 44.283414
12 17 44.811446
12 18 45.161560
12 19 45.336037
12 20 45.336037
12 21 45.161560
12 22 44.811446
12 23 44.283414
12 24 43.574153
12 25 42.679463
12 26 41.594467
12 27 40.313910
12 28 38.832567
12 29 37.145771
12 30 35.250092
12 31 33.144167
12 32 30.829660
12 33 28.312319
12 34 25.603034
12 35 22.718753
12 36 19.683084
12 37 16.526354
12 38 13.284973
12 39 10.000000

13 0 10.000000
13 1 12.926071
13 2 15.817363
13 3 18.640778
13 4 21.366346
13 5 23.968280
13 6 26.425543
13 7 28.721961
13 8 30.845959
13 9 32.790040
13 10 34.550111
13 11 36.124761
13 12 37.514559
13 13 38.721418
13 14 39.748045
13 15 40.597488
13 16 41.272768
13 17 41.776603
13 18 42.111198
13 19 42.278097
13 20 42.278097
13 21 42.111198
13 22 41.776603
13 23 41.272768
13 24 40.597488
13 25 39.748045
13 26 38.721418
13 27 37.514559
13 28 36.124761
13 29 34.550111
13 30 32.790040
13 31 30.845959
13 32 28.721961
13 33 26.425543
13 34 23.968280
13 35 21.366346
13 36 18.640778
13 37 15.817363
13 38 12.926071
13 39 10.000000

14 0 10.000000
14 1 12.615308
14 2 15.202321
14 3 17.733898
14 4 20.185059
14 5 22.533765
14 6 24.761391
14 7 26.852904
14 8 28.796771
14 9 30.584674
14 10 32.211090
14 11 33.672805
14 12 34.968409
14 13 36.097824
14 14 37.061867
14 15 37.861879
14 16 38.499417
14 17 38.976004
14 18 39.292939
14 19 39.451160
14 20 39.451160
14 21 39.292939
14 22 38.976004
14 23 38.499417
14 24 37.861879
14 25 37.061867
14 26 36.097824
14 27 34.968409
14 28 33.672805
14 29 32.211090
14 30 30.584674
14 31 28.796771
14 32 26.852904
14 33 24.761391
14 34 22.533765
14 35 20.185059
14 36 17.733898
14 37 15.202321
14 38 12.615308
14 39 10.000000

15 0 10.000000
15 1 12.343705
15 2 14.664009
15 3 16.938320
15 4 19.145577
15 5 21.266833
15 6 23.285632
15 7 25.188201
15 8 26.963449
15 9 28.602819
15 10 30.100031
15 11 31.450759
15 12 32.652280
15 13 33.703119
15 14 34.602719
15 15 35.351148
15 16 35.948837
15 17 36.396377
15 18 36.694352
15 19 36.843215
15 20 36.843215
15 21 36.694352
15 22 36.396377
15 23 35.948837
15 24 35.351148
15 25 34.602719
15 26 33.703119
15 27 32.652280
15 28 31.450759
15 29 30.100031
15 30 28.602819
15 31 26.963449
15 32 25.188201
15 33 23.285632
15 34 21.266833
15 35 19.145577
15 36 16.938320
15 37 14.664009
15 38 12.343705
15 39 10.000000

16 0 10.000000
16 1 12.104492
16 2 14.189357
16 3 16.235548
16 4 18.225130
16 5 20.141710
16 6 21.970745
16 7 23.699722
16 8 25.318194
16 9 26.817722
16 10 28.191716
16 11 29.435228
16 12 30.544707
16 13 31.517739
16 14 32.352807
16 15 33.049052
16 16 33.606075
16 17 34.023761
16 18 34.302146
16 19 34.441310
16 20 34.441310
16 21 34.302146
16 22 34.023761
16 23 33.606075
16 24 33.049052
16 25 32.352807
16 26 31.517739
16 27 30.544707
16 28 29.435228
16 29 28.191716
16 30 26.817722
16 31 25.318194
16 32 23.699722
16 33 21.970745
16 34 20.141710
16 35 18.225130
16 36 16.235548
16 37 14.189357
16 38 12.104492
16 39 10.000000

17 0 10.000000
17 1 11.892444
17 2 13.768231
17 3 15.611128
17 4 17.405724
17 5 19.137754
17 6 20.794349
17 7 22.364189
17 8 23.837569
17 9 25.206374
17 10 26.463999
17 11 27.605212
17 12 28.625985
17 13 29.523315
17 14 30.295038
17 15 30.939653
17 16 31.456166
17 17 31.843950
17 18 32.102634
17 19 32.232019
17 20 32.232019
17 21 32.102634
17 22 31.843950
17 23 31.456166
17 24 30.939653
17 25 30.295038
17 26 29.523315
17 27 28.625985
17 28 27.605212
17 29 26.463999
17 30 25.206374
17 31 23.837569
17 32 22.364189
17 33 20.794349
17 34 19.137754
17 35 17.405724
17 36 15.611128
17 37 13.768231
17 38 11.892444
17 39 10.000000

18 0 10.000000
18 1 11.703453
18 2 13.392627
18 3 15.053563
18 4 16.672914
18 5 18.238206
18 6 19.738027
18 7 21.162167
18 8 22.501683
18 9 23.748908
18 10 24.897407
18 11 25.941894
18 12 26.878119
18 13 27.702741
18 14 28.413195
18 15 29.007557
18 16 29.484428
18 17 29.842823
18 18 30.082083
18 19 30.201807
18 20 30.201807
18 21 30.082083
18 22 29.842823
18 23 29.484428
18 24 29.007557
18 25 28.413195
18 26 27.702741
18 27 26.878119
18 28 25.941894
18 29 24.897407
18 30 23.748908
18 31 22.501683
18 32 21.162167
18 33 19.738027
18 34 18.238206
18 35 16.672914
18 36 15.053563
18 37 13.392627
18 38 11.703453
18 39 10.000000

19 0 10.000000
19 1 11.534224
19 2 13.056107
19 3 14.553552
19 4 16.014929
19 5 17.429275
19 6 18.786455
19 7 20.077272
19 8 21.293536
19 9 22.428087
19 10 23.474777
19 11 24.428420
19 12 25.284721
19 13 26.040187
19 14 26.692032
19 15 27.238079
19 16 27.676672
19 17 28.006590
19 18 28.226979
19 19 28.337304
19 20 28.337304
19 21 28.226979
19 22 28.006590
19 23 27.676672
19 24 27.238079
19 25 26.692032
19 26 26.040187
19 27 25.284721
19 28 24.428420
19 29 23.474777
19 30 22.428087
19 31 21.293536
19 32 20.077272
19 33 18.786455
19 34 17.429275
19 35 16.014929
19 36 14.553552
19 37 13.056107
19 38 11.534224
19 39 10.000000

20 0 10.000000
20 1 11.382075
20 2 12.753413
20 3 14.103463
20 4 15.422036
20 5 16.699467
20 6 17.926734
20 7 19.095563
20 8 20.198487
20 9 21.228874
20 10 22.180931
20 11 23.049675
20 12 23.830886
20 13 24.521053
20 14 25.117301
20 15 25.617328
20 16 26.019331
20 17 26.321951
20 18 26.524215
20 19 26.625500
20 20 26.625500
20 21 26.524215
20 22 26.321951
20 23 26.019331
20 24 25.617328
20 25 25.117301
20 26 24.521053
20 27 23.830886
20 28 23.049675
20 29 22.180931
20 30 21.228874
20 31 20.198487
20 32 19.095563
20 33 17.926734
20 34 16.699467
20 35 15.422036
20 36 14.103463
20 37 12.753413
20 38 11.382075
20 39 10.000000

21 0 10.000000
21 1 11.244788
21 2 12.480183
21 3 13.696938
21 4 14.886090
21 5 16.039089
21 6 17.147896
21 7 18.205073
21 8 19.203833
21 9 20.138076
21 10 21.002399
21 11 21.792082
21 12 22.503065
21 13 23.131909
21 14 23.675750
21 15 24.132249
21 16 24.499546
21 17 24.776213
21 18 24.961215
21 19 25.053881
21 20 25.053881
21 21 24.961215
21 22 24.776213
21 23 24.499546
21 24 24.132249
21 25 23.675750
21 26 23.131909
21 27 22.503065
21 28 21.792082
21 29 21.002399
21 30 20.138076
21 31 19.203833
21 32 18.205073
21 33 17.147896
21 34 16.039089
21 35 14.886090
21 36 13.696938
21 37 12.480183
21 38 11.244788
21 39 10.000000

22 0 10.000000
22 1 11.120503
22 2 12.232754
22 3 13.328617
22 4 14.400185
22 5 15.439875
22 6 16.440520
22 7 17.395437
22 8 18.298476
22 9 19.144054
22 10 19.927174
22 11 20.643416
22 12 21.288931
22 13 21.860418
22 14 22.355087
22 15 22.770633
22 16 23.105200
22 17 23.357345
22 18 23.526015
22 19 23.610521
22 20 23.610521
22 21 23.526015
22 22 23.357345
22 23 23.105200
22 24 22.770633
22 25 22.355087
22 26 21.860418
22 27 21.288931
22 28 20.643416
22 29 19.927174
22 30 19.144054
22 31 18.298476
22 32 17.395437
22 33 16.440520
22 34 15.439875
22 35 14.400185
22 36 13.328617
22 37 12.232754
22 38 11.120503
22 39 10.000000

23 0 10.000000
23 1 11.007638
23 2 12.008005
23 3 12.993924
23 4 13.958400
23 5 14.894702
23 6 15.796436
23 7 16.657604
23 8 17.472648
23 9 18.236482
23 10 18.944512
23 11 19.592640
23 12 20.177261
23 13 20.695247
23 14 21.143936
23 15 21.521100
23 16 21.824932
23 17 22.054015
23 18 22.207307
23 19 22.284123
23 20 22.284123
23 21 22.207307
23 22 22.054015
23 23 21.824932
23 24 21.521100
23 25 21.143936
23 26 20.695247
23 27 20.177261
23 28 19.592640
23 29 18.944512
23 30 18.236482
23 31 17.472648
23 32 16.657604
23 33 15.796436
23 34 14.894702
23 35 13.958400
23 36 12.993924
23 37 12.008005
23 38 11.007638
23 39 10.000000

24 0 10.000000
24 1 10.904837
24 2 11.803254
24 3 12.688910
24 4 13.555610
24 5 14.397374
24 6 15.208500
24 7 15.983611
24 8 16.717698
24 9 17.406147
24 10 18.044760
24 11 18.629765
24 12 19.157816
24 13 19.625992
24 14 20.031779
24 15 20.373066
24 16 20.648122
24 17 20.855585
24 18 20.994448
24 19 21.064044
24 20 21.064044
24 21 20.994448
24 22 20.855585
24 23 20.648122
24 24 20.373066
24 25 20.031779
24 26 19.625992
24 27 19.157816
24 28 18.629765
24 29 18.044760
24 30 17.406147
24 31 16.717698
24 32 15.983611
24 33 15.208500
24 34 14.397374
24 35 13.555610
24 36 12.688910
24 37 11.803254
24 38 10.904837
24 39 10.000000

25 0 10.000000
25 1 10.810919
25 2 11.616167
25 3 12.410134
25 4 13.187332
25 5 13.942451
25 6 14.670410
25 7 15.366399
25 8 16.025915
25 9 16.644789
25 10 17.219206
25 11 17.745717
25 12 18.221246
25 13 18.643086
25 14 19.008898
25 15 19.316701
25 16 19.564867
25 17 19.752105
25 18 19.877458
25 19 19.940293
25 20 19.940293
25 21 19.877458
25 22 19.752105
25 23 19.564867
25 24 19.316701
25 25 19.008898
25 26 18.643086
25 27 18.221246
25 28 17.745717
25 29 17.219206
25 30 16.644789
25 31 16.025915
25 32 15.366399
25 33 14.670410
25 34 13.942451
25 35 13.187332
25 36 12.410134
25 37 11.616167
25 38 10.810919
25 39 10.000000

26 0 10.000000
26 1 10.724852
26 2 11.444694
26 3 12.154567
26 4 12.849612
26 5 13.525120
26 6 14.176570
26 7 14.799670
26 8 15.390384
26 9 15.944963
26 10 16.459957
26 11 16.932234
26 12 17.358986
26 13 17.737728
26 14 18.066304
26 15 18.342880
26 16 18.565939
26 17 18.734279
26 18 18.847000
26 19 18.903509
26 20 18.903509
26 21 18.847000
26 22 18.734279
26 23 18.565939
26 24 18.342880
26 25 18.066304
26 26 17.737728
26 27 17.358986
26 28 16.932234
26 29 16.459957
26 30 15.944963
26 31 15.390384
26 32 14.799670
26 33 14.176570
26 34 13.525120
26 35 12.849612
26 36 12.154567
26 37 11.444694
26 38 10.724852
26 39 10.000000

27 0 10.000000
27 1 10.645719
27 2 11.287019
27 3 11.919522
27 4 12.538934
27 5 13.141087
27 6 13.721970
27 7 14.277764
27 8 14.804868
27 9 15.299924
27 10 15.759831
27 11 16.181763
27 12 16.563174
27 13 16.901804
27 14 17.195683
27 15 17.443130
27 16 17.642750
27 17 17.793431
27 18 17.894345
27 19 17.944939
27 20 17.944939
27 21 17.894345
27 22 17.793431
27 23 17.642750
27 24 17.443130
27 25 17.195683
27 26 16.901804
27 27 16.563174
27 28 16.181763
27 29 15.759831
27 30 15.299924
27 31 14.804868
27 32 14.277764
27 33 13.721970
27 34 13.141087
27 35 12.538934
27 36 11.919522
27 37 11.287019
27 38 10.645719
27 39 10.000000

28 0 10.000000
28 1 10.572704
28 2 11.141520
28 3 11.702594
28 4 12.252145
28 5 12.786494
28 6 13.302096
28 7 13.795567
28 8 14.263710
28 9 14.703533
28 10 15.112267
28 11 15.487377
28 12 15.826573
28 13 16.127819
28 14 16.389329
28 15 16.609577
28 16 16.787295
28 17 16.921467
28 18 17.011336
28 19 17.056396
28 20 17.056396
28 21 17.011336
28 22 16.921467
28 23 16.787295
28 24 16.609577
28 25 16.389329
28 26 16.127819
28 27 15.826573
28 28 15.487377
28 29 15.112267
28 30 14.703533
28 31 14.263710
28 32 13.795567
28 33 13.302096
28 34 12.786494
28 35 12.252145
28 36 11.702594
28 37 11.141520
28 38 10.572704
28 39 10.000000

29 0 10.000000
29 1 10.505070
29 2 11.006735
29 3 11.501616
29 4 11.986397
29 5 12.457849
29 6 12.912852
29 7 13.348427
29 8 13.761750
29 9 14.150173
29 10 14.511240
29 11 14.842697
29 12 15.142501
29 13 15.408830
29 14 15.640084
29 15 15.834892
29 16 15.992109
29 17 16.110822
29 18 16.190345
29 19 16.230220
29 20 16.230220
29 21 16.190345
29 22 16.110822
29 23 15.992109
29 24 15.834892
29 25 15.640084
29 26 15.408830
29 27 15.142501
29 28 14.842697
29 29 14.511240
29 30 14.150173
29 31 13.761750
29 32 13.348427
29 33 12.912852
29 34 12.457849
29 35 11.986397
29 36 11.501616
29 37 11.006735
29 38 10.505070
29 39 10.000000

30 0 10.000000
30 1 10.442151
30 2 10.881337
30 3 11.314617
30 4 11.739100
30 5 12.151968
30 6 12.550499
30 7 12.932085
30 8 13.294252
30 9 13.634677
30 10 13.951198
30 11 14.241827
30 12 14.504761
30 13 14.738387
30 14 14.941284
30 15 15.112234
30 16 15.250218
30 17 15.354420
30 18 15.424229
30 19 15.459235
30 20 15.459235
30 21 15.424229
30 22 15.354420
30 23 15.250218
30 24 15.112234
30 25 14.941284
30 26 14.738387
30 27 14.504761
30 28 14.241827
30 29 13.951198
30 30 13.634677
30 31 13.294252
30 32 12.932085
30 33 12.550499
30 34 12.151968
30 35 11.739100
30 36 11.314617
30 37 10.881337
30 38 10.442151
30 39 10.000000

31 0 10.000000
31 1 10.383337
31 2 10.764114
31 3 11.139794
31 4 11.507878
31 5 11.865932
31 6 12.211598
31 7 12.542619
31 8 12.856848
31 9 13.152265
31 10 13.426990
31 11 13.679290
31 12 13.907588
31 13 14.110473
31 14 14.286702
31 15 14.435204
31 16 14.555083
31 17 14.645622
31 18 14.706281
31 19 14.736701
31 20 14.736701
31 21 14.706281
31 22 14.645622
31 23 14.555083
31 24 14.435204
31 25 14.286702
31 26 14.110473
31 27 13.907588
31 28 13.679290
31 29 13.426990
31 30 13.152265
31 31 12.856848
31 32 12.542619
31 33 12.211598
31 34 11.865932
31 35 11.507878
31 36 11.139794
31 37 10.764114
31 38 10.383337
31 39 10.000000

32 0 10.000000
32 1 10.328065
32 2 10.653948
32 3 10.975483
32 4 11.290540
32 5 11.597040
32 6 11.892969
32 7 12.176395
32 8 12.445481
32 9 12.698495
32 10 12.933821
32 11 13.149971
32 12 13.345588
32 13 13.519455
32 14 13.670497
32 15 13.797790
32 16 13.900558
32 17 13.978180
32 18 14.030189
32 19 14.056271
32 20 14.056271
32 21 14.030189
32 22 13.978180
32 23 13.900558
32 24 13.797790
32 25 13.670497
32 26 13.519455
32 27 13.345588
32 28 13.149971
32 29 12.933821
32 30 12.698495
32 31 12.445481
32 32 12.176395
32 33 11.892969
32 34 11.597040
32 35 11.290540
32 36 10.975483
32 37 10.653948
32 38 10.328065
32 39 10.000000

33 0 10.000000
33 1 10.275814
33 2 10.549798
33 3 10.820138
33 4 11.085047
33 5 11.342779
33 6 11.591644
33 7 11.830019
33 8 12.056359
33 9 12.269204
33 10 12.467194
33 11 12.649073
33 12 12.813693
33 13 12.960026
33 14 13.087163
33 15 13.194319
33 16 13.280838
33 17 13.346190
33 18 13.389979
33 19 13.411940
33 20 13.411940
33 21 13.389979
33 22 13.346190
33 23 13.280838
33 24 13.194319
33 25 13.087163
33 26 12.960026
33 27 12.813693
33 28 12.649073
33 29 12.467194
33 30 12.269204
33 31 12.056359
33 32 11.830019
33 33 11.591644
33 34 11.342779
33 35 11.085047
33 36 10.820138
33 37 10.549798
33 38 10.275814
33 39 10.000000

34 0 10.000000
34 1 10.226094
34 2 10.450693
34 3 10.672311
34 4 10.889486
34 5 11.100790
34 6 11.304839
34 7 11.500302
34 8 11.685913
34 9 11.860474
34 10 12.022868
34 11 12.172061
34 12 12.307110
34 13 12.427167
34 14 12.531484
34 15 12.619413
34 16 12.690412
34 17 12.744045
34 18 12.779982
34 19 12.798006
34 20 12.798006
34 21 12.779982
34 22 12.744045
34 23 12.690412
34 24 12.619413
34 25 12.531484
34 26 12.427167
34 27 12.307110
34 28 12.172061
34 29 12.022868
34 30 11.860474
34 31 11.685913
34 32 11.500302
34 33 11.304839
34 34 11.100790
34 35 10.889486
34 36 10.672311
34 37 10.450693
34 38 10.226094
34 39 10.000000

35 0 10.000000
35 1 10.178446
35 2 10.355713
35 3 10.530632
35 4 10.702050
35 5 10.868842
35 6 11.029916
35 7 11.184223
35 8 11.330760
35 9 11.468585
35 10 11.596812
35 11 11.714625
35 12 11.821276
35 13 11.916095
35 14 11.998488
35 15 12.067940
35 16 12.124023
35 17 12.166390
35 18 12.194780
35 19 12.209018
35 20 12.209018
35 21 12.194780
35 22 12.166390
35 23 12.124023
35 24 12.067940
35 25 11.998488
35 26 11.916095
35 27 11.821276
35 28 11.714625
35 29 11.596812
35 30 11.468585
35 31 11.330760
35 32 11.184223
35 33 11.029916
35 34 10.868842
35 35 10.702050
35 36 10.530632
35 37 10.355713
35 38 10.178446
35 39 10.000000

36 0 10.000000
36 1 10.132429
36 2 10.263984
36 3 10.393799
36 4 10.521019
36 5 10.644809
36 6 10.764361
36 7 10.878895
36 8 10.987668
36 9 11.089979
36 10 11.185171
36 11 11.272636
36 12 11.351820
36 13 11.422222
36 14 11.483400
36 15 11.534973
36 16 11.576619
36 17 11.608081
36 18 11.629164
36 19 11.639737
36 20 11.639737
36 21 11.629164
36 22 11.608081
36 23 11.576619
36 24 11.534973
36 25 11.483400
36 26 11.422222
36 27 11.351820
36 28 11.272636
36 29 11.185171
36 30 11.089979
36 31 10.987668
36 32 10.878895
36 33 10.764361
36 34 10.644809
36 35 10.521019
36 36 10.393799
36 37 10.263984
36 38 10.132429
36 39 10.000000

37 0 10.000000
37 1 10.087620
37 2 10.174664
37 3 10.260556
37 4 10.344733
37 5 10.426644
37 6 10.505751
37 7 10.581540
37 8 10.653521
37 9 10.721227
37 10 10.784224
37 11 10.842110
37 12 10.894518
37 13 10.941114
37 14 10.981608
37 15 11.015744
37 16 11.043311
37 17 11.064137
37 18 11.078093
37 19 11.085092
37 20 11.085092
37 21 11.078093
37 22 11.064137
37 23 11.043311
37 24 11.015744
37 25 10.981608
37 26 10.941114
37 27 10.894518
37 28 10.842110
37 29 10.784224
37 30 10.721227
37 31 10.653521
37 32 10.581540
37 33 10.505751
37 34 10.426644
37 35 10.344733
37 36 10.260556
37 37 10.174664
37 38 10.087620
37 39 10.000000

38 0 10.000000
38 1 10.043611
38 2 10.086936
38 3 10.129688
38 4 10.171586
38 5 10.212357
38 6 10.251733
38 7 10.289459
38 8 10.325289
38 9 10.358992
38 10 10.390352
38 11 10.419168
38 12 10.445257
38 13 10.468455
38 14 10.488614
38 15 10.505609
38 16 10.519333
38 17 10.529701
38 18 10.536650
38 19 10.540134
38 20 10.540134
38 21 10.536650
38 22 10.529701
38 23 10.519333
38 24 10.505609
38 25 10.488614
38 26 10.468455
38 27 10.445257
38 28 10.419168
38 29 10.390352
38 30 10.358992
38 31 10.325289
38 32 10.289459
38 33 10.251733
38 34 10.212357
38 35 10.171586
38 36 10.129688
38 37 10.086936
38 38 10.043611
38 39 10.000000

39 0 10.000000
39 1 10.000000
39 2 10.000000
39 3 10.000000
39 4 10.000000
39 5 10.000000
39 6 10.000000
39 7 10.000000
39 8 10.000000
39 9 10.000000
39 10 10.000000
39 11 10.000000
39 12 10.000000
39 13 10.000000
39 14 10.000000
39 15 10.000000
39 16 10.000000
39 17 10.000000
39 18 10.000000
39 19 10.000000
39 20 10.000000
39 21 10.000000
39 22 10.000000
39 23 10.000000
39 24 10.000000
39 25 10.000000
39 26 10.000000
39 27 10.000000
39 28 10.000000
39 29 10.000000
39 30 10.000000
39 31 10.000000
39 32 10.000000
39 33 10.000000
39 34 10.000000
39 35 10.000000
39 36 10.000000
39 37 10.000000
39 38 10.000000
39 39 10.000000

