0 0 100.000000
0 1 100.000000
0 2 100.000000
0 3 100.000000
0 4 100.000000
0 5 100.000000
0 6 100.000000
0 7 100.000000
0 8 100.000000
0 9 100.000000
0 10 100.000000
0 11 100.000000
0 12 100.000000
0 13 100.000000
0 14 100.000000
0 15 100.000000
0 16 100.000000
0 17 100.000000
0 18 100.000000
0 19 100.000000
0 20 100.000000
0 21 100.000000
0 22 100.000000
0 23 100.000000
0 24 100.000000
0 25 100.000000
0 26 100.000000
0 27 100.000000
0 28 100.000000
0 29 100.000000
0 30 100.000000
0 31 100.000000
0 32 100.000000
0 33 100.000000
0 34 100.000000
0 35 100.000000
0 36 100.000000
0 37 100.000000
0 38 100.000000
0 39 100.000000

1 0 10.000000
1 1 50.984557
1 2 69.025629
1 3 78.092102
1 4 83.228842
1 5 86.439654
1 6 88.604028
1 7 90.147307
1 8 91.294088
1 9 92.172243
1 10 92.859256
1 11 93.404506
1 12 93.840752
1 13 94.190412
1 14 94.469187
1 15 94.688229
1 16 94.855493
1 17 94.976594
1 18 95.055359
1 19 95.094170
1 20 95.094170
1 21 95.055359
1 22 94.976594
1 23 94.855493
1 24 94.688229
1 25 94.469187
1 26 94.190412
1 27 93.840752
1 28 93.404506
1 29 92.859256
1 30 92.172243
1 31 91.294088
1 32 90.147307
1 33 88.604028
1 34 86.439654
1 35 83.228842
1 36 78.092102
1 37 69.025629
1 38 50.984557
1 39 10.000000

2 0 10.000000
2 1 33.724804
2 2 50.472850
2 3 61.623278
2 4 69.123329
2 5 74.327667
2 6 78.067702
2 7 80.843402
2 8 82.959977
2 9 84.609043
2 10 85.914723
2 11 86.959884
2 12 87.801345
2 13 88.478936
2 14 89.021050
2 15 89.448123
2 16 89.774878
2 17 90.011786
2 18 90.166019
2 19 90.242057
2 20 90.242057
2 21 90.166019
2 22 90.011786
2 23 89.774878
2 24 89.448123
2 25 89.021050
2 26 88.478936
2 27 87.801345
2 28 86.959884
2 29 85.914723
2 30 84.609043
2 31 82.959977
2 32 80.843402
2 33 78.067702
2 34 74.327667
2 35 69.123329
2 36 61.623278
2 37 50.472850
2 38 33.724804
2 39 10.000000

3 0 10.000000
3 1 26.121464
3 2 39.667638
3 3 50.206881
3 4 58.195272
3 5 64.242396
3 6 68.866097
3 7 72.451778
3 8 75.272939
3 9 77.521116
3 10 79.330770
3 11 80.797199
3 12 81.988746
3 13 82.954974
3 14 83.732139
3 15 84.346864
3 16 84.818619
3 17 85.161409
3 18 85.384905
3 19 85.495186
3 20 85.495186
3 21 85.384905
3 22 85.161409
3 23 84.818619
3 24 84.346864
3 25 83.732139
3 26 82.954974
3 27 81.988746
3 28 80.797199
3 29 79.330770
3 30 77.521116
3 31 75.272939
3 32 72.451778
3 33 68.866097
3 34 64.242396
3 35 58.195272
3 36 50.206881
3 37 39.667638
3 38 26.121464
3 39 10.000000

4 0 10.000000
4 1 22.082541
4 2 33.024267
4 3 42.321074
4 4 49.954092
4 5 56.127260
4 6 61.101199
4 7 65.118311
4 8 68.378961
4 9 71.040141
4 10 73.221869
4 11 75.014976
4 12 76.488006
4 13 77.692689
4 14 78.668060
4 15 79.443487
4 16 80.040858
4 17 80.476144
4 18 80.760491
4 19 80.900954
4 20 80.900954
4 21 80.760491
4 22 80.476144
4 23 80.040858
4 24 79.443487
4 25 78.668060
4 26 77.692689
4 27 76.488006
4 28 75.014976
4 29 73.221869
4 30 71.040141
4 31 68.378961
4 32 65.118311
4 33 61.101199
4 34 56.127260
4 35 49.954092
4 36 42.321074
4 37 33.024267
4 38 22.082541
4 39 10.000000

5 0 10.000000
5 1 19.622601
5 2 28.657601
5 3 36.738087
5 4 43.733468
5 5 49.671954
5 6 54.660628
5 7 58.831851
5 8 62.314699
5 9 65.222766
5 10 67.650852
5 11 69.675766
5 12 71.358682
5 13 72.747791
5 14 73.880719
5 15 74.786553
5 16 75.487436
5 17 75.999793
5 18 76.335223
5 19 76.501135
5 20 76.501135
5 21 76.335223
5 22 75.999793
5 23 75.487436
5 24 74.786553
5 25 73.880719
5 26 72.747791
5 27 71.358682
5 28 69.675766
5 29 67.650852
5 30 65.222766
5 31 62.314699
5 32 58.831851
5 33 54.660628
5 34 49.671954
5 35 43.733468
5 36 36.738087
5 37 28.657601
5 38 19.622601
5 39 10.000000

6 0 10.000000
6 1 17.975949
6 2 25.612060
6 3 32.656978
6 4 38.975673
6 5 44.531268
6 6 49.351477
6 7 53.498160
6 8 57.045980
6 9 60.069727
6 10 62.637858
6 11 64.809908
6 12 66.636012
6 13 68.157467
6 14 69.407696
6 15 70.413288
6 16 71.194952
6 17 71.768321
6 18 72.144584
6 19 72.330951
6 20 72.330951
6 21 72.144584
6 22 71.768321
6 23 71.194952
6 24 70.413288
6 25 69.407696
6 26 68.157467
6 27 66.636012
6 28 64.809908
6 29 62.637858
6 30 60.069727
6 31 57.045980
6 32 53.498160
6 33 49.351477
6 34 44.531268
6 35 38.975673
6 36 32.656978
6 37 25.612060
6 38 17.975949
6 39 10.000000

7 0 10.000000
7 1 16.799663
7 2 23.384778
7 3 29.581021
7 4 35.274073
7 5 40.408418
7 6 44.974543
7 7 48.993343
7 8 52.502624
7 9 55.547296
7 10 58.173074
7 11 60.422868
7 12 62.335002
7 13 63.942542
7 14 65.273271
7 15 66.349958
7 16 67.190765
7 17 67.809660
7 18 68.216778
7 19 68.418714
7 20 68.418714
7 21 68.216778
7 22 67.809660
7 23 67.190765
7 24 66.349958
7 25 65.273271
7 26 63.942542
7 27 62.335002
7 28 60.422868
7 29 58.173074
7 30 55.547296
7 31 52.502624
7 32 48.993343
7 33 44.974543
7 34 40.408418
7 35 35.274073
7 36 29.581021
7 37 23.384778
7 38 16.799663
7 39 10.000000

8 0 10.000000
8 1 15.920328
8 2 21.695727
8 3 27.201523
8 4 32.345769
8 5 37.072033
8 6 41.355152
8 7 45.193741
8 8 48.602325
8 9 51.604651
8 10 54.228682
8 11 56.503179
8 12 58.455572
8 13 60.110749
8 14 61.490461
8 15 62.613104
8 16 63.493724
8 17 64.144115
8 18 64.572962
8 19 64.785972
8 20 64.785972
8 21 64.572962
8 22 64.144115
8 23 63.493724
8 24 62.613104
8 25 61.490461
8 26 60.110749
8 27 58.455572
8 28 56.503179
8 29 54.228682
8 30 51.604651
8 31 48.602325
8 32 45.193741
8 33 41.355152
8 34 37.072033
8 35 32.345769
8 36 27.201523
8 37 21.695727
8 38 15.920328
8 39 10.000000

9 0 10.000000
9 1 15.241589
9 2 20.379828
9 3 25.322439
9 4 29.995988
9 5 34.348995
9 6 38.351029
9 7 41.989303
9 8 45.264319
9 9 48.185599
9 10 50.768074
9 11 53.029309
9 12 54.987515
9 13 56.660224
9 14 58.063454
9 15 59.211232
9 16 60.115339
9 17 60.785205
9 18 61.227883
9 19 61.448054
9 20 61.448054
9 21 61.227883
9 22 60.785205
9 23 60.115339
9 24 59.211232
9 25 58.063454
9 26 56.660224
9 27 54.987515
9 28 53.029309
9 29 50.768074
9 30 48.185599
9 31 45.264319
9 32 41.989303
9 33 38.351029
9 34 34.348995
9 35 29.995988
9 36 25.322439
9 37 20.379828
9 38 15.241589
9 39 10.000000

10 0 10.000000
10 1 14.705896
10 2 19.334693
10 3 23.815761
10 4 28.089862
10 5 32.111735
10 6 35.850378
10 7 39.287645
10 8 42.415914
10 9 45.235479
10 10 47.752089
10 11 49.974856
10 12 51.914610
10 13 53.582678
10 14 54.990014
10 15 56.146620
10 16 57.061162
10 17 57.740744
10 18 58.190770
10 19 58.414871
10 20 58.414871
10 21 58.190770
10 22 57.740744
10 23 57.061162
10 24 56.146620
10 25 54.990014
10 26 53.582678
10 27 51.914610
10 28 49.974856
10 29 47.752089
10 30 45.235479
10 31 42.415914
10 32 39.287645
10 33 35.850378
10 34 32.111735
10 35 28.089862
10 36 23.815761
10 37 19.334693
10 38 14.705896
10 39 10.000000

11 0 10.000000
11 1 14.276913
11 2 18.494030
11 3 22.595541
11 4 26.532840
11 5 30.266489
11 6 33.766858
11 7 37.013665
11 8 39.994780
11 9 42.704676
11 10 45.142808
11 11 47.312115
11 12 49.217741
11 13 50.866006
11 14 52.263608
11 15 53.417044
11 16 54.332190
11 17 55.014008
11 18 55.466355
11 19 55.691863
11 20 55.691863
11 21 55.466355
11 22 55.014008
11 23 54.332190
11 24 53.417044
11 25 52.263608
11 26 50.866006
11 27 49.217741
11 28 47.312115
11 29 45.142808
11 30 42.704676
11 31 39.994780
11 32 37.013665
11 33 33.766858
11 34 30.266489
11 35 26.532840
11 36 22.595541
11 37 18.494030
11 38 14.276913
11 39 10.000000

12 0 10.000000
12 1 13.930692
12 2 17.813373
12 3 21.602605
12 4 25.257687
12 5 28.744121
12 6 32.034289
12 7 35.107424
12 8 37.949035
12 9 40.550016
12 10 42.905602
12 11 45.014330
12 12 46.877084
12 13 48.496270
12 14 49.875146
12 15 51.017283
12 16 51.926164
12 17 52.604877
12 18 53.055905
12 19 53.280976
12 20 53.280976
12 21 53.055905
12 22 52.604877
12 23 51.926164
12 24 51.017283
12 25 49.875146
12 26 48.496270
12 27 46.877084
12 28 45.014330
12 29 42.905602
12 30 40.550016
12 31 37.949035
12 32 35.107424
12 33 32.034289
12 34 28.744121
12 35 25.257687
12 36 21.602605
12 37 17.813373
12 38 13.930692
12 39 10.000000

13 0 10.000000
13 1 13.650924
13 2 17.262057
13 3 20.795344
13 4 24.215958
13 5 27.493401
13 6 30.602114
13 7 33.521631
13 8 36.236343
13 9 38.735003
13 10 41.010068
13 11 43.056995
13 12 44.873544
13 13 46.459146
13 14 47.814349
13 15 48.940368
13 16 49.838708
13 17 50.510882
13 18 50.958198
13 19 51.181606
13 20 51.181606
13 21 50.958198
13 22 50.510882
13 23 49.838708
13 24 48.940368
13 25 47.814349
13 26 46.459146
13 27 44.873544
13 28 43.056995
13 29 41.010068
13 30 38.735003
13 31 36.236343
13 32 33.521631
13 33 30.602114
13 34 27.493401
13 35 24.215958
13 36 20.795344
13 37 17.262057
13 38 13.650924
13 39 10.000000

14 0 10.000000
14 1 13.426227
14 2 16.818489
14 3 20.144032
14 4 23.372390
14 5 26.476216
14 6 29.431802
14 7 32.219303
14 8 34.822686
14 9 37.229463
14 10 39.430296
14 11 41.418522
14 12 43.189655
14 13 44.740910
14 14 46.070764
14 15 47.178580
14 16 48.064284
14 17 48.728109
14 18 49.170397
14 19 49.391453
14 20 49.391453
14 21 49.170397
14 22 48.728109
14 23 48.064284
14 24 47.178580
14 25 46.070764
14 26 44.740910
14 27 43.189655
14 28 41.418522
14 29 39.430296
14 30 37.229463
14 31 34.822686
14 32 32.219303
14 33 29.431802
14 34 26.476216
14 35 23.372390
14 36 20.144032
14 37 16.818489
14 38 13.426227
14 39 10.000000

15 0 10.000000
15 1 13.248542
15 2 16.467264
15 3 19.627230
15 4 22.701187
15 5 25.664207
15 6 28.494132
15 7 31.171812
15 8 33.681147
15 9 36.008966
15 10 38.144790
15 11 40.080524
15 12 41.810096
15 13 43.329110
15 14 44.634499
15 15 45.724214
15 16 46.596959
15 17 47.251962
15 18 47.688799
15 19 47.907259
15 20 47.907259
15 21 47.688799
15 22 47.251962
15 23 46.596959
15 24 45.724214
15 25 44.634499
15 26 43.329110
15 27 41.810096
15 28 40.080524
15 29 38.144790
15 30 36.008966
15 31 33.681147
15 32 31.171812
15 33 28.494132
15 34 25.664207
15 35 22.701187
15 36 19.627230
15 37 16.467264
15 38 13.248542
15 39 10.000000

16 0 10.000000
16 1 13.112130
16 2 16.197362
16 3 19.229472
16 4 22.183530
16 5 25.036411
16 6 27.767182
16 7 30.357326
16 8 32.790842
16 9 35.054204
16 10 37.136228
16 11 39.027869
16 12 40.721967
16 13 42.212987
16 14 43.496743
16 15 44.570153
16 16 45.431007
16 17 46.077776
16 18 46.509453
16 19 46.725433
16 20 46.725433
16 21 46.509453
16 22 46.077776
16 23 45.431007
16 24 44.570153
16 25 43.496743
16 26 42.212987
16 27 40.721967
16 28 39.027869
16 29 37.136228
16 30 35.054204
16 31 32.790842
16 32 30.357326
16 33 27.767182
16 34 25.036411
16 35 22.183530
16 36 19.229472
16 37 16.197362
16 38 13.112130
16 39 10.000000

17 0 10.000000
17 1 13.012947
17 2 16.000985
17 3 18.939746
17 4 21.805909
17 5 24.577629
17 6 27.234869
17 7 29.759626
17 8 32.136045
17 9 34.350429
17 10 36.391173
17 11 38.248628
17 12 39.914917
17 13 41.383733
17 14 42.650124
17 15 43.710286
17 16 44.561366
17 17 45.201295
17 18 45.628649
17 19 45.842540
17 20 45.842540
17 21 45.628649
17 22 45.201295
17 23 44.561366
17 24 43.710286
17 25 42.650124
17 26 41.383733
17 27 39.914917
17 28 38.248628
17 29 36.391173
17 30 34.350429
17 31 32.136045
17 32 29.759626
17 33 27.234869
17 34 24.577629
17 35 21.805909
17 36 18.939746
17 37 16.000985
17 38 13.012947
17 39 10.000000

18 0 10.000000
18 1 12.948241
18 2 15.872810
18 3 18.750501
18 4 21.559005
18 5 24.277295
18 6 26.885924
18 7 29.367240
18 8 31.705516
18 9 33.886985
18 10 35.899806
18 11 37.733976
18 12 39.381184
18 13 40.834651
18 14 42.088945
18 15 43.139806
18 16 43.983974
18 17 44.619036
18 18 45.043298
18 19 45.255689
18 20 45.255689
18 21 45.043298
18 22 44.619036
18 23 43.983974
18 24 43.139806
18 25 42.088945
18 26 40.834651
18 27 39.381184
18 28 37.733976
18 29 35.899806
18 30 33.886985
18 31 31.705516
18 32 29.367240
18 33 26.885924
18 34 24.277295
18 35 21.559005
18 36 18.750501
18 37 15.872810
18 38 12.948241
18 39 10.000000

19 0 10.000000
19 1 12.916299
19 2 15.809520
19 3 18.657015
19 4 21.436965
19 5 24.128742
19 6 26.713189
19 7 29.172835
19 8 31.492023
19 9 33.656961
19 10 35.655709
19 11 37.478095
19 12 39.115607
19 13 40.561240
19 14 41.809333
19 15 42.855408
19 16 43.696003
19 17 44.328541
19 18 44.751195
19 19 44.962804
19 20 44.962804
19 21 44.751195
19 22 44.328541
19 23 43.696003
19 24 42.855408
19 25 41.809333
19 26 40.561240
19 27 39.115607
19 28 37.478095
19 29 35.655709
19 30 33.656961
19 31 31.492023
19 32 29.172835
19 33 26.713189
19 34 24.128742
19 35 21.436965
19 36 18.657015
19 37 15.809520
19 38 12.916299
19 39 10.000000

20 0 10.000000
20 1 12.916299
20 2 15.809520
20 3 18.657015
20 4 21.436965
20 5 24.128742
20 6 26.713189
20 7 29.172835
20 8 31.492023
20 9 33.656961
20 10 35.655709
20 11 37.478095
20 12 39.115607
20 13 40.561240
20 14 41.809333
20 15 42.855408
20 16 43.696003
20 17 44.328541
20 18 44.751195
20 19 44.962804
20 20 44.962804
20 21 44.751195
20 22 44.328541
20 23 43.696003
20 24 42.855408
20 25 41.809333
20 26 40.561240
20 27 39.115607
20 28 37.478095
20 29 35.655709
20 30 33.656961
20 31 31.492023
20 32 29.172835
20 33 26.713189
20 34 24.128742
20 35 21.436965
20 36 18.657015
20 37 15.809520
20 38 12.916299
20 39 10.000000

21 0 10.000000
21 1 12.948241
21 2 15.872810
21 3 18.750501
21 4 21.559005
21 5 24.277295
21 6 26.885924
21 7 29.367240
21 8 31.705516
21 9 33.886985
21 10 35.899806
21 11 37.733976
21 12 39.381184
21 13 40.834651
21 14 42.088945
21 15 43.139806
21 16 43.983974
21 17 44.619036
21 18 45.043298
21 19 45.255689
21 20 45.255689
21 21 45.043298
21 22 44.619036
21 23 43.983974
21 24 43.139806
21 25 42.088945
21 26 40.834651
21 27 39.381184
21 28 37.733976
21 29 35.899806
21 30 33.886985
21 31 31.705516
21 32 29.367240
21 33 26.885924
21 34 24.277295
21 35 21.559005
21 36 18.750501
21 37 15.872810
21 38 12.948241
21 39 10.000000

22 0 10.000000
22 1 13.012947
22 2 16.000985
22 3 18.939746
22 4 21.805909
22 5 24.577629
22 6 27.234869
22 7 29.759626
22 8 32.136045
22 9 34.350429
22 10 36.391173
22 11 38.248628
22 12 39.914917
22 13 41.383733
22 14 42.650124
22 15 43.710286
22 16 44.561366
22 17 45.201295
22 18 45.628649
22 19 45.842540
22 20 45.842540
22 21 45.628649
22 22 45.201295
22 23 44.561366
22 24 43.710286
22 25 42.650124
22 26 41.383733
22 27 39.914917
22 28 38.248628
22 29 36.391173
22 30 34.350429
22 31 32.136045
22 32 29.759626
22 33 27.234869
22 34 24.577629
22 35 21.805909
22 36 18.939746
22 37 16.000985
22 38 13.012947
22 39 10.000000

23 0 10.000000
23 1 13.112130
23 2 16.197362
23 3 19.229472
23 4 22.183530
23 5 25.036411
23 6 27.767182
23 7 30.357326
23 8 32.790842
23 9 35.054204
23 10 37.136228
23 11 39.027869
23 12 40.721967
23 13 42.212987
23 14 43.496743
23 15 44.570153
23 16 45.431007
23 17 46.077776
23 18 46.509453
23 19 46.725433
23 20 46.725433
23 21 46.509453
23 22 46.077776
23 23 45.431007
23 24 44.570153
23 25 43.496743
23 26 42.212987
23 27 40.721967
23 28 39.027869
23 29 37.136228
23 30 35.054204
23 31 32.790842
23 32 30.357326
23 33 27.767182
23 34 25.036411
23 35 22.183530
23 36 19.229472
23 37 16.197362
23 38 13.112130
23 39 10.000000

24 0 10.000000
24 1 13.248542
24 2 16.467264
24 3 19.627230
24 4 22.701187
24 5 25.664207
24 6 28.494132
24 7 31.171812
24 8 33.681147
24 9 36.008966
24 10 38.144790
24 11 40.080524
24 12 41.810096
24 13 43.329110
24 14 44.634499
24 15 45.724214
24 16 46.596959
24 17 47.251962
24 18 47.688799
24 19 47.907259
24 20 47.907259
24 21 47.688799
24 22 47.251962
24 23 46.596959
24 24 45.724214
24 25 44.634499
24 26 43.329110
24 27 41.810096
24 28 40.080524
24 29 38.144790
24 30 36.008966
24 31 33.681147
24 32 31.171812
24 33 28.494132
24 34 25.664207
24 35 22.701187
24 36 19.627230
24 37 16.467264
24 38 13.248542
24 39 10.000000

25 0 10.000000
25 1 13.426227
25 2 16.818489
25 3 20.144032
25 4 23.372390
25 5 26.476216
25 6 29.431802
25 7 32.219303
25 8 34.822686
25 9 37.229463
25 10 39.430296
25 11 41.418522
25 12 43.189655
25 13 44.740910
25 14 46.070764
25 15 47.178580
25 16 48.064284
25 17 48.728109
25 18 49.170397
25 19 49.391453
25 20 49.391453
25 21 49.170397
25 22 48.728109
25 23 48.064284
25 24 47.178580
25 25 46.070764
25 26 44.740910
25 27 43.189655
25 28 41.418522
25 29 39.430296
25 30 37.229463
25 31 34.822686
25 32 32.219303
25 33 29.431802
25 34 26.476216
25 35 23.372390
25 36 20.144032
25 37 16.818489
25 38 13.426227
25 39 10.000000

26 0 10.000000
26 1 13.650924
26 2 17.262057
26 3 20.795344
26 4 24.215958
26 5 27.493401
26 6 30.602114
26 7 33.521631
26 8 36.236343
26 9 38.735003
26 10 41.010068
26 11 43.056995
26 12 44.873544
26 13 46.459146
26 14 47.814349
26 15 48.940368
26 16 49.838708
26 17 50.510882
26 18 50.958198
26 19 51.181606
26 20 51.181606
26 21 50.958198
26 22 50.510882
26 23 49.838708
26 24 48.940368
26 25 47.814349
26 26 46.459146
26 27 44.873544
26 28 43.056995
26 29 41.010068
26 30 38.735003
26 31 36.236343
26 32 33.521631
26 33 30.602114
26 34 27.493401
26 35 24.215958
26 36 20.795344
26 37 17.262057
26 38 13.650924
26 39 10.000000

27 0 10.000000
27 1 13.930692
27 2 17.813373
27 3 21.602605
27 4 25.257687
27 5 28.744121
27 6 32.034289
27 7 35.107424
27 8 37.949035
27 9 40.550016
27 10 42.905602
27 11 45.014330
27 12 46.877084
27 13 48.496270
27 14 49.875146
27 15 51.017283
27 16 51.926164
27 17 52.604877
27 18 53.055905
27 19 53.280976
27 20 53.280976
27 21 53.055905
27 22 52.604877
27 23 51.926164
27 24 51.017283
27 25 49.875146
27 26 48.496270
27 27 46.877084
27 28 45.014330
27 29 42.905602
27 30 40.550016
27 31 37.949035
27 32 35.107424
27 33 32.034289
27 34 28.744121
27 35 25.257687
27 36 21.602605
27 37 17.813373
27 38 13.930692
27 39 10.000000

28 0 10.000000
28 1 14.276913
28 2 18.494030
28 3 22.595541
28 4 26.532840
28 5 30.266489
28 6 33.766858
28 7 37.013665
28 8 39.994780
28 9 42.704676
28 10 45.142808
28 11 47.312115
28 12 49.217741
28 13 50.866006
28 14 52.263608
28 15 53.417044
28 16 54.332190
28 17 55.014008
28 18 55.466355
28 19 55.691863
28 20 55.691863
28 21 55.466355
28 22 55.014008
28 23 54.332190
28 24 53.417044
28 25 52.263608
28 26 50.866006
28 27 49.217741
28 28 47.312115
28 29 45.142808
28 30 42.704676
28 31 39.994780
28 32 37.013665
28 33 33.766858
28 34 30.266489
28 35 26.532840
28 36 22.595541
28 37 18.494030
28 38 14.276913
28 39 10.000000

29 0 10.000000
29 1 14.705896
29 2 19.334693
29 3 23.815761
29 4 28.089862
29 5 32.111735
29 6 35.850378
29 7 39.287645
29 8 42.415914
29 9 45.235479
29 10 47.752089
29 11 49.974856
29 12 51.914610
29 13 53.582678
29 14 54.990014
29 15 56.146620
29 16 57.061162
29 17 57.740744
29 18 58.190770
29 19 58.414871
29 20 58.414871
29 21 58.190770
29 22 57.740744
29 23 57.061162
29 24 56.146620
29 25 54.990014
29 26 53.582678
29 27 51.914610
29 28 49.974856
29 29 47.752089
29 30 45.235479
29 31 42.415914
29 32 39.287645
29 33 35.850378
29 34 32.111735
29 35 28.089862
29 36 23.815761
29 37 19.334693
29 38 14.705896
29 39 10.000000

30 0 10.000000
30 1 15.241589
30 2 20.379828
30 3 25.322439
30 4 29.995988
30 5 34.348995
30 6 38.351029
30 7 41.989303
30 8 45.264319
30 9 48.185599
30 10 50.768074
30 11 53.029309
30 12 54.987515
30 13 56.660224
30 14 58.063454
30 15 59.211232
30 16 60.115339
30 17 60.785205
30 18 61.227883
30 19 61.448054
30 20 61.448054
30 21 61.227883
30 22 60.785205
30 23 60.115339
30 24 59.211232
30 25 58.063454
30 26 56.660224
30 27 54.987515
30 28 53.029309
30 29 50.768074
30 30 48.185599
30 31 45.264319
30 32 41.989303
30 33 38.351029
30 34 34.348995
30 35 29.995988
30 36 25.322439
30 37 20.379828
30 38 15.241589
30 39 10.000000

31 0 10.000000
31 1 15.920328
31 2 21.695727
31 3 27.201523
31 4 32.345769
31 5 37.072033
31 6 41.355152
31 7 45.193741
31 8 48.602325
31 9 51.604651
31 10 54.228682
31 11 56.503179
31 12 58.455572
31 13 60.110749
31 14 61.490461
31 15 62.613104
31 16 63.493724
31 17 64.144115
31 18 64.572962
31 19 64.785972
31 20 64.785972
31 21 64.572962
31 22 64.144115
31 23 63.493724
31 24 62.613104
31 25 61.490461
31 26 60.110749
31 27 58.455572
31 28 56.503179
31 29 54.228682
31 30 51.604651
31 31 48.602325
31 32 45.193741
31 33 41.355152
31 34 37.072033
31 35 32.345769
31 36 27.201523
31 37 21.695727
31 38 15.920328
31 39 10.000000

32 0 10.000000
32 1 16.799663
32 2 23.384778
32 3 29.581021
32 4 35.274073
32 5 40.408418
32 6 44.974543
32 7 48.993343
32 8 52.502624
32 9 55.547296
32 10 58.173074
32 11 60.422868
32 12 62.335002
32 13 63.942542
32 14 65.273271
32 15 66.349958
32 16 67.190765
32 17 67.809660
32 18 68.216778
32 19 68.418714
32 20 68.418714
32 21 68.216778
32 22 67.809660
32 23 67.190765
32 24 66.349958
32 25 65.273271
32 26 63.942542
32 27 62.335002
32 28 60.422868
32 29 58.173074
32 30 55.547296
32 31 52.502624
32 32 48.993343
32 33 44.974543
32 34 40.408418
32 35 35.274073
32 36 29.581021
32 37 23.384778
32 38 16.799663
32 39 10.000000

33 0 10.000000
33 1 17.975949
33 2 25.612060
33 3 32.656978
33 4 38.975673
33 5 44.531268
33 6 49.351477
33 7 53.498160
33 8 57.045980
33 9 60.069727
33 10 62.637858
33 11 64.809908
33 12 66.636012
33 13 68.157467
33 14 69.407696
33 15 70.413288
33 16 71.194952
33 17 71.768321
33 18 72.144584
33 19 72.330951
33 20 72.330951
33 21 72.144584
33 22 71.768321
33 23 71.194952
33 24 70.413288
33 25 69.407696
33 26 68.157467
33 27 66.636012
33 28 64.809908
33 29 62.637858
33 30 60.069727
33 31 57.045980
33 32 53.498160
33 33 49.351477
33 34 44.531268
33 35 38.975673
33 36 32.656978
33 37 25.612060
33 38 17.975949
33 39 10.000000

34 0 10.000000
34 1 19.622601
34 2 28.657601
34 3 36.738087
34 4 43.733468
34 5 49.671954
34 6 54.660628
34 7 58.831851
34 8 62.314699
34 9 65.222766
34 10 67.650852
34 11 69.675766
34 12 71.358682
34 13 72.747791
34 14 73.880719
34 15 74.786553
34 16 75.487436
34 17 75.999793
34 18 76.335223
34 19 76.501135
34 20 76.501135
34 21 76.335223
34 22 75.999793
34 23 75.487436
34 24 74.786553
34 25 73.880719
34 26 72.747791
34 27 71.358682
34 28 69.675766
34 29 67.650852
34 30 65.222766
34 31 62.314699
34 32 58.831851
34 33 54.660628
34 34 49.671954
34 35 43.733468
34 36 36.738087
34 37 28.657601
34 38 19.622601
34 39 10.000000

35 0 10.000000
35 1 22.082541
35 2 33.024267
35 3 42.321074
35 4 49.954092
35 5 56.127260
35 6 61.101199
35 7 65.118311
35 8 68.378961
35 9 71.040141
35 10 73.221869
35 11 75.014976
35 12 76.488006
35 13 77.692689
35 14 78.668060
35 15 79.443487
35 16 80.040858
35 17 80.476144
35 18 80.760491
35 19 80.900954
35 20 80.900954
35 21 80.760491
35 22 80.476144
35 23 80.040858
35 24 79.443487
35 25 78.668060
35 26 77.692689
35 27 76.488006
35 28 75.014976
35 29 73.221869
35 30 71.040141
35 31 68.378961
35 32 65.118311
35 33 61.101199
35 34 56.127260
35 35 49.954092
35 36 42.321074
35 37 33.024267
35 38 22.082541
35 39 10.000000

36 0 10.000000
36 1 26.121464
36 2 39.667638
36 3 50.206881
36 4 58.195272
36 5 64.242396
36 6 68.866097
36 7 72.451778
36 8 75.272939
36 9 77.521116
36 10 79.330770
36 11 80.797199
36 12 81.988746
36 13 82.954974
36 14 83.732139
36 15 84.346864
36 16 84.818619
36 17 85.161409
36 18 85.384905
36 19 85.495186
36 20 85.495186
36 21 85.384905
36 22 85.161409
36 23 84.818619
36 24 84.346864
36 25 83.732139
36 26 82.954974
36 27 81.988746
36 28 80.797199
36 29 79.330770
36 30 77.521116
36 31 75.272939
36 32 72.451778
36 33 68.866097
36 34 64.242396
36 35 58.195272
36 36 50.206881
36 37 39.667638
36 38 26.121464
36 39 10.000000

37 0 10.000000
37 1 33.724804
37 2 50.472850
37 3 61.623278
37 4 69.123329
37 5 74.327667
37 6 78.067702
37 7 80.843402
37 8 82.959977
37 9 84.609043
37 10 85.914723
37 11 86.959884
37 12 87.801345
37 13 88.478936
37 14 89.021050
37 15 89.448123
37 16 89.774878
37 17 90.011786
37 18 90.166019
37 19 90.242057
37 20 90.242057
37 21 90.166019
37 22 90.011786
37 23 89.774878
37 24 89.448123
37 25 89.021050
37 26 88.478936
37 27 87.801345
37 28 86.959884
37 29 85.914723
37 30 84.609043
37 31 82.959977
37 32 80.843402
37 33 78.067702
37 34 74.327667
37 35 69.123329
37 36 61.623278
37 37 50.472850
37 38 33.724804
37 39 10.000000

38 0 10.000000
38 1 50.984557
38 2 69.025629
38 3 78.092102
38 4 83.228842
38 5 86.439654
38 6 88.604028
38 7 90.147307
38 8 91.294088
38 9 92.172243
38 10 92.859256
38 11 93.404506
38 12 93.840752
38 13 94.190412
38 14 94.469187
38 15 94.688229
38 16 94.855493
38 17 94.976594
38 18 95.055359
38 19 95.094170
38 20 95.094170
38 21 95.055359
38 22 94.976594
38 23 94.855493
38 24 94.688229
38 25 94.469187
38 26 94.190412
38 27 93.840752
38 28 93.404506
38 29 92.859256
38 30 92.172243
38 31 91.294088
38 32 90.147307
38 33 88.604028
38 34 86.439654
38 35 83.228842
38 36 78.092102
38 37 69.025629
38 38 50.984557
38 39 10.000000

39 0 100.000000
39 1 100.000000
39 2 100.000000
39 3 100.000000
39 4 100.000000
39 5 100.000000
39 6 100.000000
39 7 100.000000
39 8 100.000000
39 9 100.000000
39 10 100.000000
39 11 100.000000
39 12 100.000000
39 13 100.000000
39 14 100.000000
39 15 100.000000
39 16 100.000000
39 17 100.000000
39 18 100.000000
39 19 100.000000
39 20 100.000000
39 21 100.000000
39 22 100.000000
39 23 100.000000
39 24 100.000000
39 25 100.000000
39 26 100.000000
39 27 100.000000
39 28 100.000000
39 29 100.000000
39 30 100.000000
39 31 100.000000
39 32 100.000000
39 33 100.000000
39 34 100.000000
39 35 100.000000
39 36 100.000000
39 37 100.000000
39 38 100.000000
39 39 100.000000

