0 0 100.000000
0 1 100.000000
0 2 100.000000
0 3 100.000000
0 4 100.000000
0 5 100.000000
0 6 100.000000
0 7 100.000000
0 8 100.000000
0 9 100.000000
0 10 100.000000
0 11 100.000000
0 12 100.000000
0 13 100.000000
0 14 100.000000
0 15 100.000000
0 16 100.000000
0 17 100.000000
0 18 100.000000
0 19 100.000000
0 20 100.000000
0 21 100.000000
0 22 100.000000
0 23 100.000000
0 24 100.000000
0 25 100.000000
0 26 100.000000
0 27 100.000000
0 28 100.000000
0 29 100.000000
0 30 100.000000
0 31 100.000000
0 32 100.000000
0 33 100.000000
0 34 100.000000
0 35 100.000000
0 36 100.000000
0 37 100.000000
0 38 100.000000
0 39 100.000000

1 0 10.000000
1 1 26.276870
1 2 38.519694
1 3 47.839814
1 4 55.019486
1 5 60.613748
1 6 65.019695
1 7 68.523856
1 8 71.334768
1 9 73.605510
1 10 75.449381
1 11 76.950880
1 12 78.173442
1 13 79.164921
1 14 79.961486
1 15 80.590420
1 16 81.072106
1 17 81.421451
1 18 81.648876
1 19 81.760986
1 20 81.760986
1 21 81.648876
1 22 81.421451
1 23 81.072106
1 24 80.590420
1 25 79.961486
1 26 79.164921
1 27 78.173442
1 28 76.950880
1 29 75.449381
1 30 73.605510
1 31 71.334768
1 32 68.523856
1 33 65.019695
1 34 60.613748
1 35 55.019486
1 36 47.839814
1 37 38.519694
1 38 26.276870
1 39 10.000000

2 0 10.000000
2 1 17.098468
2 2 23.802657
2 3 29.926781
2 4 35.405547
2 5 40.240534
2 6 44.467967
2 7 48.139691
2 8 51.312265
2 9 54.040961
2 10 56.376706
2 11 58.364739
2 12 60.044235
2 13 61.448444
2 14 62.605081
2 15 63.536800
2 16 64.261677
2 17 64.793630
2 18 65.142782
2 19 65.315732
2 20 65.315732
2 21 65.142782
2 22 64.793630
2 23 64.261677
2 24 63.536800
2 25 62.605081
2 26 61.448444
2 27 60.044235
2 28 58.364739
2 29 56.376706
2 30 54.040961
2 31 51.312265
2 32 48.139691
2 33 44.467967
2 34 40.240534
2 35 35.405547
2 36 29.926781
2 37 23.802657
2 38 17.098468
2 39 10.000000

3 0 10.000000
3 1 14.228533
3 2 18.366651
3 3 22.339492
3 4 26.092050
3 5 29.588199
3 6 32.807571
3 7 35.741936
3 8 38.391813
3 9 40.763622
3 10 42.867421
3 11 44.715198
3 12 46.319615
3 13 47.693122
3 14 48.847346
3 15 49.792679
3 16 50.538020
3 17 51.090610
3 18 51.455935
3 19 51.637675
3 20 51.637675
3 21 51.455935
3 22 51.090610
3 23 50.538020
3 24 49.792679
3 25 48.847346
3 26 47.693122
3 27 46.319615
3 28 44.715198
3 29 42.867421
3 30 40.763622
3 31 38.391813
3 32 35.741936
3 33 32.807571
3 34 29.588199
3 35 26.092050
3 36 22.339492
3 37 18.366651
3 38 14.228533
3 39 10.000000

4 0 10.000000
4 1 12.805216
4 2 15.575103
4 3 18.276708
4 4 20.881114
4 5 23.364291
4 6 25.707293
4 7 27.895975
4 8 29.920458
4 9 31.774440
4 10 33.454500
4 11 34.959413
4 12 36.289547
4 13 37.446339
4 14 38.431854
4 15 39.248428
4 16 39.898388
4 17 40.383828
4 18 40.706452
4 19 40.867457
4 20 40.867457
4 21 40.706452
4 22 40.383828
4 23 39.898388
4 24 39.248428
4 25 38.431854
4 26 37.446339
4 27 36.289547
4 28 34.959413
4 29 33.454500
4 30 31.774440
4 31 29.920458
4 32 27.895975
4 33 25.707293
4 34 23.364291
4 35 20.881114
4 36 18.276708
4 37 15.575103
4 38 12.805216
4 39 10.000000

5 0 10.000000
5 1 11.947156
5 2 13.876072
5 3 15.769122
5 4 17.609817
5 5 19.383207
5 6 21.076110
5 7 22.677222
5 8 24.177093
5 9 25.568031
5 10 26.843930
5 11 28.000081
5 12 29.032954
5 13 29.939991
5 14 30.719409
5 15 31.370017
5 16 31.891063
5 17 32.282102
5 18 32.542889
5 19 32.673306
5 20 32.673306
5 21 32.542889
5 22 32.282102
5 23 31.891063
5 24 31.370017
5 25 30.719409
5 26 29.939991
5 27 29.032954
5 28 28.000081
5 29 26.843930
5 30 25.568031
5 31 24.177093
5 32 22.677222
5 33 21.076110
5 34 19.383207
5 35 17.609817
5 36 15.769122
5 37 13.876072
5 38 11.947156
5 39 10.000000

6 0 10.000000
6 1 11.380938
6 2 12.750914
6 3 14.099185
6 4 15.415426
6 5 16.689902
6 6 17.913596
6 7 19.078303
6 8 20.176674
6 9 21.202230
6 10 22.149344
6 11 23.013198
6 12 23.789727
6 13 24.475554
6 14 25.067917
6 15 25.564598
6 16 25.963862
6 17 26.264394
6 18 26.465251
6 19 26.565828
6 20 26.565828
6 21 26.465251
6 22 26.264394
6 23 25.963862
6 24 25.564598
6 25 25.067917
6 26 24.475554
6 27 23.789727
6 28 23.013198
6 29 22.149344
6 30 21.202230
6 31 20.176674
6 32 19.078303
6 33 17.913596
6 34 16.689902
6 35 15.415426
6 36 14.099185
6 37 12.750914
6 38 11.380938
6 39 10.000000

7 0 10.000000
7 1 10.990105
7 2 11.973039
7 3 12.941728
7 4 13.889286
7 5 14.809095
7 6 15.694879
7 7 16.540759
7 8 17.341294
7 9 18.091511
7 10 18.786917
7 11 19.423502
7 12 19.997735
7 13 20.506549
7 14 20.947323
7 15 21.317863
7 16 21.616380
7 17 21.841471
7 18 21.992099
7 19 22.067582
7 20 22.067582
7 21 21.992099
7 22 21.841471
7 23 21.616380
7 24 21.317863
7 25 20.947323
7 26 20.506549
7 27 19.997735
7 28 19.423502
7 29 18.786917
7 30 18.091511
7 31 17.341294
7 32 16.540759
7 33 15.694879
7 34 14.809095
7 35 13.889286
7 36 12.941728
7 37 11.973039
7 38 10.990105
7 39 10.000000

8 0 10.000000
8 1 10.713999
8 2 11.423082
8 3 12.122379
8 4 12.807123
8 5 13.472687
8 6 14.114629
8 7 14.728727
8 8 15.311008
8 9 15.857775
8 10 16.365619
8 11 16.831441
8 12 17.252451
8 13 17.626179
8 14 17.950471
8 15 18.223492
8 16 18.443721
8 17 18.609946
8 18 18.721264
8 19 18.777072
8 20 18.777072
8 21 18.721264
8 22 18.609946
8 23 18.443721
8 24 18.223492
8 25 17.950471
8 26 17.626179
8 27 17.252451
8 28 16.831441
8 29 16.365619
8 30 15.857775
8 31 15.311008
8 32 14.728727
8 33 14.114629
8 34 13.472687
8 35 12.807123
8 36 12.122379
8 37 11.423082
8 38 10.713999
8 39 10.000000

9 0 10.000000
9 1 10.516569
9 2 11.029677
9 3 11.535891
9 4 12.031838
9 5 12.514228
9 6 12.979883
9 7 13.425758
9 8 13.848963
9 9 14.246784
9 10 14.616692
9 11 14.956364
9 12 15.263688
9 13 15.536773
9 14 15.773955
9 15 15.973803
9 16 16.135121
9 17 16.256949
9 18 16.338568
9 19 16.379498
9 20 16.379498
9 21 16.338568
9 22 16.256949
9 23 16.135121
9 24 15.973803
9 25 15.773955
9 26 15.536773
9 27 15.263688
9 28 14.956364
9 29 14.616692
9 30 14.246784
9 31 13.848963
9 32 13.425758
9 33 12.979883
9 34 12.514228
9 35 12.031838
9 36 11.535891
9 37 11.029677
9 38 10.516569
9 39 10.000000

10 0 10.000000
10 1 10.374519
10 2 10.746565
10 3 11.113686
10 4 11.473464
10 5 11.823537
10 6 12.161615
10 7 12.485496
10 8 12.793080
10 9 13.082383
10 10 13.351548
10 11 13.598861
10 12 13.822751
10 13 14.021809
10 14 14.194784
10 15 14.340599
10 16 14.458347
10 17 14.547298
10 18 14.606905
10 19 14.636801
10 20 14.636801
10 21 14.606905
10 22 14.547298
10 23 14.458347
10 24 14.340599
10 25 14.194784
10 26 14.021809
10 27 13.822751
10 28 13.598861
10 29 13.351548
10 30 13.082383
10 31 12.793080
10 32 12.485496
10 33 12.161615
10 34 11.823537
10 35 11.473464
10 36 11.113686
10 37 10.746565
10 38 10.374519
10 39 10.000000

11 0 10.000000
11 1 10.272025
11 2 10.542268
11 3 10.808962
11 4 11.070362
11 5 11.324763
11 6 11.570505
11 7 11.805992
11 8 12.029696
11 9 12.240171
11 10 12.436060
11 11 12.616103
11 12 12.779148
11 13 12.924152
11 14 13.050192
11 15 13.156468
11 16 13.242305
11 17 13.307162
11 18 13.350628
11 19 13.372430
11 20 13.372430
11 21 13.350628
11 22 13.307162
11 23 13.242305
11 24 13.156468
11 25 13.050192
11 26 12.924152
11 27 12.779148
11 28 12.616103
11 29 12.436060
11 30 12.240171
11 31 12.029696
11 32 11.805992
11 33 11.570505
11 34 11.324763
11 35 11.070362
11 36 10.808962
11 37 10.542268
11 38 10.272025
11 39 10.000000

12 0 10.000000
12 1 10.198030
12 2 10.394769
12 3 10.588935
12 4 10.779263
12 5 10.964514
12 6 11.143484
12 7 11.315010
12 8 11.477980
12 9 11.631339
12 10 11.774095
12 11 11.905327
12 12 12.024190
12 13 12.129918
12 14 12.221833
12 15 12.299345
12 16 12.361958
12 17 12.409272
12 18 12.440983
12 19 12.456889
12 20 12.456889
12 21 12.440983
12 22 12.409272
12 23 12.361958
12 24 12.299345
12 25 12.221833
12 26 12.129918
12 27 12.024190
12 28 11.905327
12 29 11.774095
12 30 11.631339
12 31 11.477980
12 32 11.315010
12 33 11.143484
12 34 10.964514
12 35 10.779263
12 36 10.588935
12 37 10.394769
12 38 10.198030
12 39 10.000000

13 0 10.000000
13 1 10.144691
13 2 10.288441
13 3 10.430315
13 4 10.569391
13 5 10.704766
13 6 10.835559
13 7 10.960923
13 8 11.080044
13 9 11.192150
13 10 11.296515
13 11 11.392465
13 12 11.479379
13 13 11.556696
13 14 11.623918
13 15 11.680610
13 16 11.726408
13 17 11.761017
13 18 11.784214
13 19 11.795850
13 20 11.795850
13 21 11.784214
13 22 11.761017
13 23 11.726408
13 24 11.680610
13 25 11.623918
13 26 11.556696
13 27 11.479379
13 28 11.392465
13 29 11.296515
13 30 11.192150
13 31 11.080044
13 32 10.960923
13 33 10.835559
13 34 10.704766
13 35 10.569391
13 36 10.430315
13 37 10.288441
13 38 10.144691
13 39 10.000000

14 0 10.000000
14 1 10.106408
14 2 10.212125
14 3 10.316464
14 4 10.418748
14 5 10.518313
14 6 10.614512
14 7 10.706722
14 8 10.794344
14 9 10.876810
14 10 10.953586
14 11 11.024175
14 12 11.088120
14 13 11.145007
14 14 11.194468
14 15 11.236184
14 16 11.269884
14 17 11.295352
14 18 11.312422
14 19 11.320985
14 20 11.320985
14 21 11.312422
14 22 11.295352
14 23 11.269884
14 24 11.236184
14 25 11.194468
14 26 11.145007
14 27 11.088120
14 28 11.024175
14 29 10.953586
14 30 10.876810
14 31 10.794344
14 32 10.706722
14 33 10.614512
14 34 10.518313
14 35 10.418748
14 36 10.316464
14 37 10.212125
14 38 10.106408
14 39 10.000000

15 0 10.000000
15 1 10.079183
15 2 10.157853
15 3 10.235498
15 4 10.311614
15 5 10.385709
15 6 10.457300
15 7 10.525923
15 8 10.591135
15 9 10.652510
15 10 10.709653
15 11 10.762192
15 12 10.809788
15 13 10.852131
15 14 10.888947
15 15 10.919999
15 16 10.945085
15 17 10.964043
15 18 10.976751
15 19 10.983125
15 20 10.983125
15 21 10.976751
15 22 10.964043
15 23 10.945085
15 24 10.919999
15 25 10.888947
15 26 10.852131
15 27 10.809788
15 28 10.762192
15 29 10.709653
15 30 10.652510
15 31 10.591135
15 32 10.525923
15 33 10.457300
15 34 10.385709
15 35 10.311614
15 36 10.235498
15 37 10.157853
15 38 10.079183
15 39 10.000000

16 0 10.000000
16 1 10.060182
16 2 10.119973
16 3 10.178986
16 4 10.236838
16 5 10.293153
16 6 10.347567
16 7 10.399725
16 8 10.449291
16 9 10.495942
16 10 10.539376
16 11 10.579312
16 12 10.615490
16 13 10.647676
16 14 10.675662
16 15 10.699267
16 16 10.718336
16 17 10.732747
16 18 10.742407
16 19 10.747253
16 20 10.747253
16 21 10.742407
16 22 10.732747
16 23 10.718336
16 24 10.699267
16 25 10.675662
16 26 10.647676
16 27 10.615490
16 28 10.579312
16 29 10.539376
16 30 10.495942
16 31 10.449291
16 32 10.399725
16 33 10.347567
16 34 10.293153
16 35 10.236838
16 36 10.178986
16 37 10.119973
16 38 10.060182
16 39 10.000000

17 0 10.000000
17 1 10.047428
17 2 10.094548
17 3 10.141054
17 4 10.186646
17 5 10.231027
17 6 10.273910
17 7 10.315015
17 8 10.354078
17 9 10.390844
17 10 10.425075
17 11 10.456549
17 12 10.485062
17 13 10.510429
17 14 10.532486
17 15 10.551089
17 16 10.566119
17 17 10.577477
17 18 10.585090
17 19 10.588909
17 20 10.588909
17 21 10.585090
17 22 10.577477
17 23 10.566119
17 24 10.551089
17 25 10.532486
17 26 10.510429
17 27 10.485062
17 28 10.456549
17 29 10.425075
17 30 10.390844
17 31 10.354078
17 32 10.315015
17 33 10.273910
17 34 10.231027
17 35 10.186646
17 36 10.141054
17 37 10.094548
17 38 10.047428
17 39 10.000000

18 0 10.000000
18 1 10.039596
18 2 10.078935
18 3 10.117762
18 4 10.155825
18 5 10.192878
18 6 10.228679
18 7 10.262998
18 8 10.295610
18 9 10.326306
18 10 10.354885
18 11 10.381162
18 12 10.404968
18 13 10.426147
18 14 10.444562
18 15 10.460094
18 16 10.472643
18 17 10.482126
18 18 10.488482
18 19 10.491671
18 20 10.491671
18 21 10.488482
18 22 10.482126
18 23 10.472643
18 24 10.460094
18 25 10.444562
18 26 10.426147
18 27 10.404968
18 28 10.381162
18 29 10.354885
18 30 10.326306
18 31 10.295610
18 32 10.262998
18 33 10.228679
18 34 10.192878
18 35 10.155825
18 36 10.117762
18 37 10.078935
18 38 10.039596
18 39 10.000000

19 0 10.000000
19 1 10.035873
19 2 10.071514
19 3 10.106691
19 4 10.141175
19 5 10.174744
19 6 10.207180
19 7 10.238272
19 8 10.267819
19 9 10.295629
19 10 10.321521
19 11 10.345329
19 12 10.366896
19 13 10.386084
19 14 10.402769
19 15 10.416841
19 16 10.428210
19 17 10.436801
19 18 10.442560
19 19 10.445449
19 20 10.445449
19 21 10.442560
19 22 10.436801
19 23 10.428210
19 24 10.416841
19 25 10.402769
19 26 10.386084
19 27 10.366896
19 28 10.345329
19 29 10.321521
19 30 10.295629
19 31 10.267819
19 32 10.238272
19 33 10.207180
19 34 10.174744
19 35 10.141175
19 36 10.106691
19 37 10.071514
19 38 10.035873
19 39 10.000000

20 0 10.000000
20 1 10.035873
20 2 10.071514
20 3 10.106691
20 4 10.141175
20 5 10.174744
20 6 10.207180
20 7 10.238272
20 8 10.267819
20 9 10.295629
20 10 10.321521
20 11 10.345329
20 12 10.366896
20 13 10.386084
20 14 10.402769
20 15 10.416841
20 16 10.428210
20 17 10.436801
20 18 10.442560
20 19 10.445449
20 20 10.445449
20 21 10.442560
20 22 10.436801
20 23 10.428210
20 24 10.416841
20 25 10.402769
20 26 10.386084
20 27 10.366896
20 28 10.345329
20 29 10.321521
20 30 10.295629
20 31 10.267819
20 32 10.238272
20 33 10.207180
20 34 10.174744
20 35 10.141175
20 36 10.106691
20 37 10.071514
20 38 10.035873
20 39 10.000000

21 0 10.000000
21 1 10.039596
21 2 10.078935
21 3 10.117762
21 4 10.155825
21 5 10.192878
21 6 10.228679
21 7 10.262998
21 8 10.295610
21 9 10.326306
21 10 10.354885
21 11 10.381162
21 12 10.404968
21 13 10.426147
21 14 10.444562
21 15 10.460094
21 16 10.472643
21 17 10.482126
21 18 10.488482
21 19 10.491671
21 20 10.491671
21 21 10.488482
21 22 10.482126
21 23 10.472643
21 24 10.460094
21 25 10.444562
21 26 10.426147
21 27 10.404968
21 28 10.381162
21 29 10.354885
21 30 10.326306
21 31 10.295610
21 32 10.262998
21 33 10.228679
21 34 10.192878
21 35 10.155825
21 36 10.117762
21 37 10.078935
21 38 10.039596
21 39 10.000000

22 0 10.000000
22 1 10.047428
22 2 10.094548
22 3 10.141054
22 4 10.186646
22 5 10.231027
22 6 10.273910
22 7 10.315015
22 8 10.354078
22 9 10.390844
22 10 10.425075
22 11 10.456549
22 12 10.485062
22 13 10.510429
22 14 10.532486
22 15 10.551089
22 16 10.566119
22 17 10.577477
22 18 10.585090
22 19 10.588909
22 20 10.588909
22 21 10.585090
22 22 10.577477
22 23 10.566119
22 24 10.551089
22 25 10.532486
22 26 10.510429
22 27 10.485062
22 28 10.456549
22 29 10.425075
22 30 10.390844
22 31 10.354078
22 32 10.315015
22 33 10.273910
22 34 10.231027
22 35 10.186646
22 36 10.141054
22 37 10.094548
22 38 10.047428
22 39 10.000000

23 0 10.000000
23 1 10.060182
23 2 10.119973
23 3 10.178986
23 4 10.236838
23 5 10.293153
23 6 10.347567
23 7 10.399725
23 8 10.449291
23 9 10.495942
23 10 10.539376
23 11 10.579312
23 12 10.615490
23 13 10.647676
23 14 10.675662
23 15 10.699267
23 16 10.718336
23 17 10.732747
23 18 10.742407
23 19 10.747253
23 20 10.747253
23 21 10.742407
23 22 10.732747
23 23 10.718336
23 24 10.699267
23 25 10.675662
23 26 10.647676
23 27 10.615490
23 28 10.579312
23 29 10.539376
23 30 10.495942
23 31 10.449291
23 32 10.399725
23 33 10.347567
23 34 10.293153
23 35 10.236838
23 36 10.178986
23 37 10.119973
23 38 10.060182
23 39 10.000000

24 0 10.000000
24 1 10.079183
24 2 10.157853
24 3 10.235498
24 4 10.311614
24 5 10.385709
24 6 10.457300
24 7 10.525923
24 8 10.591135
24 9 10.652510
24 10 10.709653
24 11 10.762192
24 12 10.809788
24 13 10.852131
24 14 10.888947
24 15 10.919999
24 16 10.945085
24 17 10.964043
24 18 10.976751
24 19 10.983125
24 20 10.983125
24 21 10.976751
24 22 10.964043
24 23 10.945085
24 24 10.919999
24 25 10.888947
24 26 10.852131
24 27 10.809788
24 28 10.762192
24 29 10.709653
24 30 10.652510
24 31 10.591135
24 32 10.525923
24 33 10.457300
24 34 10.385709
24 35 10.311614
24 36 10.235498
24 37 10.157853
24 38 10.079183
24 39 10.000000

25 0 10.000000
25 1 10.106408
25 2 10.212125
25 3 10.316464
25 4 10.418748
25 5 10.518313
25 6 10.614512
25 7 10.706722
25 8 10.794344
25 9 10.876810
25 10 10.953586
25 11 11.024175
25 12 11.088120
25 13 11.145007
25 14 11.194468
25 15 11.236184
25 16 11.269884
25 17 11.295352
25 18 11.312422
25 19 11.320985
25 20 11.320985
25 21 11.312422
25 22 11.295352
25 23 11.269884
25 24 11.236184
25 25 11.194468
25 26 11.145007
25 27 11.088120
25 28 11.024175
25 29 10.953586
25 30 10.876810
25 31 10.794344
25 32 10.706722
25 33 10.614512
25 34 10.518313
25 35 10.418748
25 36 10.316464
25 37 10.212125
25 38 10.106408
25 39 10.000000

26 0 10.000000
26 1 10.144691
26 2 10.288441
26 3 10.430315
26 4 10.569391
26 5 10.704766
26 6 10.835559
26 7 10.960923
26 8 11.080044
26 9 11.192150
26 10 11.296515
26 11 11.392465
26 12 11.479379
26 13 11.556696
26 14 11.623918
26 15 11.680610
26 16 11.726408
26 17 11.761017
26 18 11.784214
26 19 11.795850
26 20 11.795850
26 21 11.784214
26 22 11.761017
26 23 11.726408
26 24 11.680610
26 25 11.623918
26 26 11.556696
26 27 11.479379
26 28 11.392465
26 29 11.296515
26 30 11.192150
26 31 11.080044
26 32 10.960923
26 33 10.835559
26 34 10.704766
26 35 10.569391
26 36 10.430315
26 37 10.288441
26 38 10.144691
26 39 10.000000

27 0 10.000000
27 1 10.198030
27 2 10.394769
27 3 10.588935
27 4 10.779263
27 5 10.964514
27 6 11.143484
27 7 11.315010
27 8 11.477980
27 9 11.631339
27 10 11.774095
27 11 11.905327
27 12 12.024190
27 13 12.129918
27 14 12.221833
27 15 12.299345
27 16 12.361958
27 17 12.409272
27 18 12.440983
27 19 12.456889
27 20 12.456889
27 21 12.440983
27 22 12.409272
27 23 12.361958
27 24 12.299345
27 25 12.221833
27 26 12.129918
27 27 12.024190
27 28 11.905327
27 29 11.774095
27 30 11.631339
27 31 11.477980
27 32 11.315010
27 33 11.143484
27 34 10.964514
27 35 10.779263
27 36 10.588935
27 37 10.394769
27 38 10.198030
27 39 10.000000

28 0 10.000000
28 1 10.272025
28 2 10.542268
28 3 10.808962
28 4 11.070362
28 5 11.324763
28 6 11.570505
28 7 11.805992
28 8 12.029696
28 9 12.240171
28 10 12.436060
28 11 12.616103
28 12 12.779148
28 13 12.924152
28 14 13.050192
28 15 13.156468
28 16 13.242305
28 17 13.307162
28 18 13.350628
28 19 13.372430
28 20 13.372430
28 21 13.350628
28 22 13.307162
28 23 13.242305
28 24 13.156468
28 25 13.050192
28 26 12.924152
28 27 12.779148
28 28 12.616103
28 29 12.436060
28 30 12.240171
28 31 12.029696
28 32 11.805992
28 33 11.570505
28 34 11.324763
28 35 11.070362
28 36 10.808962
28 37 10.542268
28 38 10.272025
28 39 10.000000

29 0 10.000000
29 1 10.374519
29 2 10.746565
29 3 11.113686
29 4 11.473464
29 5 11.823537
29 6 12.161615
29 7 12.485496
29 8 12.793080
29 9 13.082383
29 10 13.351548
29 11 13.598861
29 12 13.822751
29 13 14.021809
29 14 14.194784
29 15 14.340599
29 16 14.458347
29 17 14.547298
29 18 14.606905
29 19 14.636801
29 20 14.636801
29 21 14.606905
29 22 14.547298
29 23 14.458347
29 24 14.340599
29 25 14.194784
29 26 14.021809
29 27 13.822751
29 28 13.598861
29 29 13.351548
29 30 13.082383
29 31 12.793080
29 32 12.485496
29 33 12.161615
29 34 11.823537
29 35 11.473464
29 36 11.113686
29 37 10.746565
29 38 10.374519
29 39 10.000000

30 0 10.000000
30 1 10.516569
30 2 11.029677
30 3 11.535891
30 4 12.031838
30 5 12.514228
30 6 12.979883
30 7 13.425758
30 8 13.848963
30 9 14.246784
30 10 14.616692
30 11 14.956364
30 12 15.263688
30 13 15.536773
30 14 15.773955
30 15 15.973803
30 16 16.135121
30 17 16.256949
30 18 16.338568
30 19 16.379498
30 20 16.379498
30 21 16.338568
30 22 16.256949
30 23 16.135121
30 24 15.973803
30 25 15.773955
30 26 15.536773
30 27 15.263688
30 28 14.956364
30 29 14.616692
30 30 14.246784
30 31 13.848963
30 32 13.425758
30 33 12.979883
30 34 12.514228
30 35 12.031838
30 36 11.535891
30 37 11.029677
30 38 10.516569
30 39 10.000000

31 0 10.000000
31 1 10.713999
31 2 11.423082
31 3 12.122379
31 4 12.807123
31 5 13.472687
31 6 14.114629
31 7 14.728727
31 8 15.311008
31 9 15.857775
31 10 16.365619
31 11 16.831441
31 12 17.252451
31 13 17.626179
31 14 17.950471
31 15 18.223492
31 16 18.443721
31 17 18.609946
31 18 18.721264
31 19 18.777072
31 20 18.777072
31 21 18.721264
31 22 18.609946
31 23 18.443721
31 24 18.223492
31 25 17.950471
31 26 17.626179
31 27 17.252451
31 28 16.831441
31 29 16.365619
31 30 15.857775
31 31 15.311008
31 32 14.728727
31 33 14.114629
31 34 13.472687
31 35 12.807123
31 36 12.122379
31 37 11.423082
31 38 10.713999
31 39 10.000000

32 0 10.000000
32 1 10.990105
32 2 11.973039
32 3 12.941728
32 4 13.889286
32 5 14.809095
32 6 15.694879
32 7 16.540759
32 8 17.341294
32 9 18.091511
32 10 18.786917
32 11 19.423502
32 12 19.997735
32 13 20.506549
32 14 20.947323
32 15 21.317863
32 16 21.616380
32 17 21.841471
32 18 21.992099
32 19 22.067582
32 20 22.067582
32 21 21.992099
32 22 21.841471
32 23 21.616380
32 24 21.317863
32 25 20.947323
32 26 20.506549
32 27 19.997735
32 28 19.423502
32 29 18.786917
32 30 18.091511
32 31 17.341294
32 32 16.540759
32 33 15.694879
32 34 14.809095
32 35 13.889286
32 36 12.941728
32 37 11.973039
32 38 10.990105
32 39 10.000000

33 0 10.000000
33 1 11.380938
33 2 12.750914
33 3 14.099185
33 4 15.415426
33 5 16.689902
33 6 17.913596
33 7 19.078303
33 8 20.176674
33 9 21.202230
33 10 22.149344
33 11 23.013198
33 12 23.789727
33 13 24.475554
33 14 25.067917
33 15 25.564598
33 16 25.963862
33 17 26.264394
33 18 26.465251
33 19 26.565828
33 20 26.565828
33 21 26.465251
33 22 26.264394
33 23 25.963862
33 24 25.564598
33 25 25.067917
33 26 24.475554
33 27 23.789727
33 28 23.013198
33 29 22.149344
33 30 21.202230
33 31 20.176674
33 32 19.078303
33 33 17.913596
33 34 16.689902
33 35 15.415426
33 36 14.099185
33 37 12.750914
33 38 11.380938
33 39 10.000000

34 0 10.000000
34 1 11.947156
34 2 13.876072
34 3 15.769122
34 4 17.609817
34 5 19.383207
34 6 21.076110
34 7 22.677222
34 8 24.177093
34 9 25.568031
34 10 26.843930
34 11 28.000081
34 12 29.032954
34 13 29.939991
34 14 30.719409
34 15 31.370017
34 16 31.891063
34 17 32.282102
34 18 32.542889
34 19 32.673306
34 20 32.673306
34 21 32.542889
34 22 32.282102
34 23 31.891063
34 24 31.370017
34 25 30.719409
34 26 29.939991
34 27 29.032954
34 28 28.000081
34 29 26.843930
34 30 25.568031
34 31 24.177093
34 32 22.677222
34 33 21.076110
34 34 19.383207
34 35 17.609817
34 36 15.769122
34 37 13.876072
34 38 11.947156
34 39 10.000000

35 0 10.000000
35 1 12.805216
35 2 15.575103
35 3 18.276708
35 4 20.881114
35 5 23.364291
35 6 25.707293
35 7 27.895975
35 8 29.920458
35 9 31.774440
35 10 33.454500
35 11 34.959413
35 12 36.289547
35 13 37.446339
35 14 38.431854
35 15 39.248428
35 16 39.898388
35 17 40.383828
35 18 40.706452
35 19 40.867457
35 20 40.867457
35 21 40.706452
35 22 40.383828
35 23 39.898388
35 24 39.248428
35 25 38.431854
35 26 37.446339
35 27 36.289547
35 28 34.959413
35 29 33.454500
35 30 31.774440
35 31 29.920458
35 32 27.895975
35 33 25.707293
35 34 23.364291
35 35 20.881114
35 36 18.276708
35 37 15.575103
35 38 12.805216
35 39 10.000000

36 0 10.000000
36 1 14.228533
36 2 18.366651
36 3 22.339492
36 4 26.092050
36 5 29.588199
36 6 32.807571
36 7 35.741936
36 8 38.391813
36 9 40.763622
36 10 42.867421
36 11 44.715198
36 12 46.319615
36 13 47.693122
36 14 48.847346
36 15 49.792679
36 16 50.538020
36 17 51.090610
36 18 51.455935
36 19 51.637675
36 20 51.637675
36 21 51.455935
36 22 51.090610
36 23 50.538020
36 24 49.792679
36 25 48.847346
36 26 47.693122
36 27 46.319615
36 28 44.715198
36 29 42.867421
36 30 40.763622
36 31 38.391813
36 32 35.741936
36 33 32.807571
36 34 29.588199
36 35 26.092050
36 36 22.339492
36 37 18.366651
36 38 14.228533
36 39 10.000000

37 0 10.000000
37 1 17.098468
37 2 23.802657
37 3 29.926781
37 4 35.405547
37 5 40.240534
37 6 44.467967
37 7 48.139691
37 8 51.312265
37 9 54.040961
37 10 56.376706
37 11 58.364739
37 12 60.044235
37 13 61.448444
37 14 62.605081
37 15 63.536800
37 16 64.261677
37 17 64.793630
37 18 65.142782
37 19 65.315732
37 20 65.315732
37 21 65.142782
37 22 64.793630
37 23 64.261677
37 24 63.536800
37 25 62.605081
37 26 61.448444
37 27 60.044235
37 28 58.364739
37 29 56.376706
37 30 54.040961
37 31 51.312265
37 32 48.139691
37 33 44.467967
37 34 40.240534
37 35 35.405547
37 36 29.926781
37 37 23.802657
37 38 17.098468
37 39 10.000000

38 0 10.000000
38 1 26.276870
38 2 38.519694
38 3 47.839814
38 4 55.019486
38 5 60.613748
38 6 65.019695
38 7 68.523856
38 8 71.334768
38 9 73.605510
38 10 75.449381
38 11 76.950880
38 12 78.173442
38 13 79.164921
38 14 79.961486
38 15 80.590420
38 16 81.072106
38 17 81.421451
38 18 81.648876
38 19 81.760986
38 20 81.760986
38 21 81.648876
38 22 81.421451
38 23 81.072106
38 24 80.590420
38 25 79.961486
38 26 79.164921
38 27 78.173442
38 28 76.950880
38 29 75.449381
38 30 73.605510
38 31 71.334768
38 32 68.523856
38 33 65.019695
38 34 60.613748
38 35 55.019486
38 36 47.839814
38 37 38.519694
38 38 26.276870
38 39 10.000000

39 0 100.000000
39 1 100.000000
39 2 100.000000
39 3 100.000000
39 4 100.000000
39 5 100.000000
39 6 100.000000
39 7 100.000000
39 8 100.000000
39 9 100.000000
39 10 100.000000
39 11 100.000000
39 12 100.000000
39 13 100.000000
39 14 100.000000
39 15 100.000000
39 16 100.000000
39 17 100.000000
39 18 100.000000
39 19 100.000000
39 20 100.000000
39 21 100.000000
39 22 100.000000
39 23 100.000000
39 24 100.000000
39 25 100.000000
39 26 100.000000
39 27 100.000000
39 28 100.000000
39 29 100.000000
39 30 100.000000
39 31 100.000000
39 32 100.000000
39 33 100.000000
39 34 100.000000
39 35 100.000000
39 36 100.000000
39 37 100.000000
39 38 100.000000
39 39 100.000000

