0 0 100.000000
0 1 100.000000
0 2 100.000000
0 3 100.000000
0 4 100.000000
0 5 100.000000
0 6 100.000000
0 7 100.000000
0 8 100.000000
0 9 100.000000
0 10 100.000000
0 11 100.000000
0 12 100.000000
0 13 100.000000
0 14 100.000000
0 15 100.000000
0 16 100.000000
0 17 100.000000
0 18 100.000000
0 19 100.000000
0 20 100.000000
0 21 100.000000
0 22 100.000000
0 23 100.000000
0 24 100.000000
0 25 100.000000
0 26 100.000000
0 27 100.000000
0 28 100.000000
0 29 100.000000
0 30 100.000000
0 31 100.000000
0 32 100.000000
0 33 100.000000
0 34 100.000000
0 35 100.000000
0 36 100.000000
0 37 100.000000
0 38 100.000000
0 39 100.000000

1 0 10.000000
1 1 71.324260
1 2 85.459917
1 3 90.618698
1 4 93.207765
1 5 94.774214
1 6 95.832647
1 7 96.598960
1 8 97.179316
1 9 97.632099
1 10 97.992202
1 11 98.281868
1 12 98.516020
1 13 98.705077
1 14 98.856530
1 15 98.975861
1 16 99.067103
1 17 99.133190
1 18 99.176170
1 19 99.197344
1 20 99.197344
1 21 99.176170
1 22 99.133190
1 23 99.067103
1 24 98.975861
1 25 98.856530
1 26 98.705077
1 27 98.516020
1 28 98.281868
1 29 97.992202
1 30 97.632099
1 31 97.179316
1 32 96.598960
1 33 95.832647
1 34 94.774214
1 35 93.207765
1 36 90.618698
1 37 85.459917
1 38 71.324260
1 39 10.000000

2 0 10.000000
2 1 54.445672
2 2 73.164053
2 3 81.879824
2 4 86.671183
2 5 89.675433
2 6 91.738325
2 7 93.244409
2 8 94.390525
2 9 95.287369
2 10 96.002013
2 11 96.577614
2 12 97.043314
2 13 97.419556
2 14 97.721090
2 15 97.958743
2 16 98.140495
2 17 98.272157
2 18 98.357791
2 19 98.399981
2 20 98.399981
2 21 98.357791
2 22 98.272157
2 23 98.140495
2 24 97.958743
2 25 97.721090
2 26 97.419556
2 27 97.043314
2 28 96.577614
2 29 96.002013
2 30 95.287369
2 31 94.390525
2 32 93.244409
2 33 91.738325
2 34 89.675433
2 35 86.671183
2 36 81.879824
2 37 73.164053
2 38 54.445672
2 39 10.000000

3 0 10.000000
3 1 43.998906
3 2 63.368841
3 3 74.122053
3 4 80.581380
3 5 84.811991
3 6 87.783204
3 7 89.979850
3 8 91.664053
3 9 92.988188
3 10 94.046586
3 11 94.900836
3 12 95.592972
3 13 96.152712
3 14 96.601621
3 15 96.955601
3 16 97.226410
3 17 97.422631
3 18 97.550274
3 19 97.613166
3 20 97.613166
3 21 97.550274
3 22 97.422631
3 23 97.226410
3 24 96.955601
3 25 96.601621
3 26 96.152712
3 27 95.592972
3 28 94.900836
3 29 94.046586
3 30 92.988188
3 31 91.664053
3 32 89.979850
3 33 87.783204
3 34 84.811991
3 35 80.581380
3 36 74.122053
3 37 63.368841
3 38 43.998906
3 39 10.000000

4 0 10.000000
4 1 37.209382
4 2 55.727810
4 3 67.437754
4 4 75.048755
4 5 80.263398
4 6 84.021724
4 7 86.843402
4 8 89.027597
4 9 90.755442
4 10 92.142195
4 11 93.264586
4 12 94.175729
4 13 94.913574
4 14 95.505885
4 15 95.973251
4 16 96.330972
4 17 96.590248
4 18 96.758945
4 19 96.842073
4 20 96.842073
4 21 96.758945
4 22 96.590248
4 23 96.330972
4 24 95.973251
4 25 95.505885
4 26 94.913574
4 27 94.175729
4 28 93.264586
4 29 92.142195
4 30 90.755442
4 31 89.027597
4 32 86.843402
4 33 84.021724
4 34 80.263398
4 35 75.048755
4 36 67.437754
4 37 55.727810
4 38 37.209382
4 39 10.000000

5 0 10.000000
5 1 32.592597
5 2 49.788900
5 3 61.778190
5 4 70.115219
5 5 76.078885
5 6 80.494407
5 7 83.866325
5 8 86.505229
5 9 88.607968
5 10 90.303894
5 11 91.681149
5 12 92.801811
5 13 93.710821
5 14 94.441384
5 15 95.018313
5 16 95.460146
5 17 95.780511
5 18 95.989008
5 19 96.091763
5 20 96.091763
5 21 95.989008
5 22 95.780511
5 23 95.460146
5 24 95.018313
5 25 94.441384
5 26 93.710821
5 27 92.801811
5 28 91.681149
5 29 90.303894
5 30 88.607968
5 31 86.505229
5 32 83.866325
5 33 80.494407
5 34 76.078885
5 35 70.115219
5 36 61.778190
5 37 49.788900
5 38 32.592597
5 39 10.000000

6 0 10.000000
6 1 29.324886
6 2 45.151744
6 3 57.031691
6 4 65.775025
6 5 72.281409
6 6 77.227991
6 7 81.072500
6 8 84.116902
6 9 86.562198
6 10 88.545261
6 11 90.161860
6 12 91.480805
6 13 92.552680
6 14 93.415293
6 15 94.097148
6 16 94.619686
6 17 94.998741
6 18 95.245506
6 19 95.367141
6 20 95.367141
6 21 95.245506
6 22 94.998741
6 23 94.619686
6 24 94.097148
6 25 93.415293
6 26 92.552680
6 27 91.480805
6 28 90.161860
6 29 88.545261
6 30 86.562198
6 31 84.116902
6 32 81.072500
6 33 77.227991
6 34 72.281409
6 35 65.775025
6 36 57.031691
6 37 45.151744
6 38 29.324886
6 39 10.000000

7 0 10.000000
7 1 26.931681
7 2 41.501316
7 3 53.069344
7 4 61.994068
7 5 68.873882
7 6 74.237094
7 7 78.478703
7 8 81.878351
7 9 84.631986
7 10 86.878245
7 11 88.716984
7 12 90.221567
7 13 91.446853
7 14 92.434390
7 15 93.215814
7 16 93.815096
7 17 94.250044
7 18 94.533287
7 19 94.672928
7 20 94.672928
7 21 94.533287
7 22 94.250044
7 23 93.815096
7 24 93.215814
7 25 92.434390
7 26 91.446853
7 27 90.221567
7 28 88.716984
7 29 86.878245
7 30 84.631986
7 31 81.878351
7 32 78.478703
7 33 74.237094
7 34 68.873882
7 35 61.994068
7 36 53.069344
7 37 41.501316
7 38 26.931681
7 39 10.000000

8 0 10.000000
8 1 25.128988
8 2 38.601290
8 3 49.767824
8 4 58.724339
8 5 65.845506
8 6 71.526596
8 7 76.095397
8 8 79.801303
8 9 82.828618
8 10 85.313108
8 11 87.355647
8 12 89.032154
8 13 90.400465
8 14 91.505016
8 15 92.380014
8 16 93.051591
8 17 93.539272
8 18 93.856968
8 19 94.013626
8 20 94.013626
8 21 93.856968
8 22 93.539272
8 23 93.051591
8 24 92.380014
8 25 91.505016
8 26 90.400465
8 27 89.032154
8 28 87.355647
8 29 85.313108
8 30 82.828618
8 31 79.801303
8 32 76.095397
8 33 71.526596
8 34 65.845506
8 35 58.724339
8 36 49.767824
8 37 38.601290
8 38 25.128988
8 39 10.000000

9 0 10.000000
9 1 23.740466
9 2 36.277705
9 3 47.018810
9 4 55.913446
9 5 63.177149
9 6 69.094172
9 7 73.927814
9 8 77.893903
9 9 81.160957
9 10 83.858459
9 11 86.085818
9 12 87.919789
9 13 89.420016
9 14 90.633030
9 15 91.595070
9 16 92.334059
9 17 92.870997
9 18 93.220908
9 19 93.393487
9 20 93.393487
9 21 93.220908
9 22 92.870997
9 23 92.334059
9 24 91.595070
9 25 90.633030
9 26 89.420016
9 27 87.919789
9 28 86.085818
9 29 83.858459
9 30 81.160957
9 31 77.893903
9 32 73.927814
9 33 69.094172
9 34 63.177149
9 35 55.913446
9 36 47.018810
9 37 36.277705
9 38 23.740466
9 39 10.000000

10 0 10.000000
10 1 22.652750
10 2 34.403155
10 3 44.731412
10 4 53.510288
10 5 60.845462
10 6 66.932592
10 7 71.977120
10 8 76.161261
10 9 79.635684
10 10 82.521345
10 11 84.914337
10 12 86.890860
10 13 88.511370
10 14 89.823788
10 15 90.865888
10 16 91.667041
10 17 92.249478
10 18 92.629182
10 19 92.816494
10 20 92.816494
10 21 92.629182
10 22 92.249478
10 23 91.667041
10 24 90.865888
10 25 89.823788
10 26 88.511370
10 27 86.890860
10 28 84.914337
10 29 82.521345
10 30 79.635684
10 31 76.161261
10 32 71.977120
10 33 66.932592
10 34 60.845462
10 35 53.510288
10 36 44.731412
10 37 34.403155
10 38 22.652750
10 39 10.000000

11 0 10.000000
11 1 21.790622
11 2 32.884141
11 3 42.831359
11 4 51.468054
11 5 58.825785
11 6 65.031663
11 7 70.241522
11 8 74.606049
11 9 78.257602
11 10 81.307398
11 11 83.846973
11 12 85.950934
11 13 87.679747
11 14 89.082125
11 15 90.196942
11 16 91.054702
11 17 91.678643
11 18 92.085554
11 19 92.286328
11 20 92.286328
11 21 92.085554
11 22 91.678643
11 23 91.054702
11 24 90.196942
11 25 89.082125
11 26 87.679747
11 27 85.950934
11 28 83.846973
11 29 81.307398
11 30 78.257602
11 31 74.606049
11 32 70.241522
11 33 65.031663
11 34 58.825785
11 35 51.468054
11 36 42.831359
11 37 32.884141
11 38 21.790622
11 39 10.000000

12 0 10.000000
12 1 21.102768
12 2 31.651702
12 3 41.258937
12 4 49.745562
12 5 57.094073
12 6 63.379738
12 7 68.717257
12 8 73.229080
12 9 77.029959
12 10 80.221007
12 11 82.888512
12 12 85.104796
12 13 86.929733
12 14 88.412353
12 15 89.592262
12 16 90.500816
12 17 91.162066
12 18 91.593460
12 19 91.806357
12 20 91.806357
12 21 91.593460
12 22 91.162066
12 23 90.500816
12 24 89.592262
12 25 88.412353
12 26 86.929733
12 27 85.104796
12 28 82.888512
12 29 80.221007
12 30 77.029959
12 31 73.229080
12 32 68.717257
12 33 63.379738
12 34 57.094073
12 35 49.745562
12 36 41.258937
12 37 31.651702
12 38 21.102768
12 39 10.000000

13 0 10.000000
13 1 20.553374
13 2 30.654688
13 3 39.966667
13 4 48.307598
13 5 55.628071
13 6 61.964851
13 7 67.399417
13 8 72.029848
13 9 75.954774
13 10 79.265500
13 11 82.042858
13 12 84.356494
13 13 86.265298
13 14 87.818259
13 15 89.055419
13 16 90.008757
13 17 90.702953
13 18 91.155989
13 19 91.379609
13 20 91.379609
13 21 91.155989
13 22 90.702953
13 23 90.008757
13 24 89.055419
13 25 87.818259
13 26 86.265298
13 27 84.356494
13 28 82.042858
13 29 79.265500
13 30 75.954774
13 31 72.029848
13 32 67.399417
13 33 61.964851
13 34 55.628071
13 35 48.307598
13 36 39.966667
13 37 30.654688
13 38 20.553374
13 39 10.000000

14 0 10.000000
14 1 20.116994
14 2 29.855009
14 3 38.917159
14 4 47.124748
14 5 54.407994
14 6 60.775516
14 7 66.282610
14 8 71.006991
14 9 75.033138
14 10 78.443337
14 11 81.313133
14 12 83.709399
14 13 85.689823
14 14 87.303116
14 15 88.589532
14 16 89.581484
14 17 90.304129
14 18 90.775873
14 19 91.008767
14 20 91.008767
14 21 90.775873
14 22 90.304129
14 23 89.581484
14 24 88.589532
14 25 87.303116
14 26 85.689823
14 27 83.709399
14 28 81.313133
14 29 78.443337
14 30 75.033138
14 31 71.006991
14 32 66.282610
14 33 60.775516
14 34 54.407994
14 35 47.124748
14 36 38.917159
14 37 29.855009
14 38 20.116994
14 39 10.000000

15 0 10.000000
15 1 19.775359
15 2 29.224295
15 3 38.081291
15 4 46.172985
15 5 53.416847
15 6 59.801289
15 7 65.361481
15 8 70.158694
15 9 74.265490
15 10 77.756274
15 11 80.701791
15 12 83.166266
15 13 85.206131
15 14 86.869691
15 15 88.197261
15 16 89.221538
15 17 89.968031
15 18 90.455470
15 19 90.696147
15 20 90.696147
15 21 90.455470
15 22 89.968031
15 23 89.221538
15 24 88.197261
15 25 86.869691
15 26 85.206131
15 27 83.166266
15 28 80.701791
15 29 77.756274
15 30 74.265490
15 31 70.158694
15 32 65.361481
15 33 59.801289
15 34 53.416847
15 35 46.172985
15 36 38.081291
15 37 29.224295
15 38 19.775359
15 39 10.000000

16 0 10.000000
16 1 19.515329
16 2 28.741567
16 3 37.436748
16 4 45.433180
16 5 52.640555
16 6 59.033123
16 7 64.631097
16 8 69.483000
16 9 73.651845
16 10 77.205527
16 11 80.210710
16 12 82.729285
16 13 84.816516
16 14 86.520264
16 15 87.880814
16 16 88.931038
16 17 89.696695
16 18 90.196757
16 19 90.443697
16 20 90.443697
16 21 90.196757
16 22 89.696695
16 23 88.931038
16 24 87.880814
16 25 86.520264
16 26 84.816516
16 27 82.729285
16 28 80.210710
16 29 77.205527
16 30 73.651845
16 31 69.483000
16 32 64.631097
16 33 59.033123
16 34 52.640555
16 35 45.433180
16 36 37.436748
16 37 28.741567
16 38 19.515329
16 39 10.000000

17 0 10.000000
17 1 19.327573
17 2 28.391603
17 3 36.966892
17 4 44.890640
17 5 52.067964
17 6 58.463607
17 7 64.087232
17 8 68.978070
17 9 73.191991
17 10 76.791904
17 11 79.841281
17 12 82.400139
17 13 84.522772
17 14 86.256636
17 15 87.641948
17 16 88.711680
17 17 89.491759
17 18 90.001325
17 19 90.252982
17 20 90.252982
17 21 90.001325
17 22 89.491759
17 23 88.711680
17 24 87.641948
17 25 86.256636
17 26 84.522772
17 27 82.400139
17 28 79.841281
17 29 76.791904
17 30 73.191991
17 31 68.978070
17 32 64.087232
17 33 58.463607
17 34 52.067964
17 35 44.890640
17 36 36.966892
17 37 28.391603
17 38 19.327573
17 39 10.000000

18 0 10.000000
18 1 19.205702
18 2 28.163824
18 3 36.659922
18 4 44.534706
18 5 51.690793
18 6 58.087096
18 7 63.726562
18 8 68.642370
18 9 72.885640
18 10 76.515916
18 11 79.594482
18 12 82.180050
18 13 84.326220
18 14 86.080146
18 15 87.481976
18 16 88.564735
18 17 89.354450
18 18 89.870370
18 19 90.125182
18 20 90.125182
18 21 89.870370
18 22 89.354450
18 23 88.564735
18 24 87.481976
18 25 86.080146
18 26 84.326220
18 27 82.180050
18 28 79.594482
18 29 76.515916
18 30 72.885640
18 31 68.642370
18 32 63.726562
18 33 58.087096
18 34 51.690793
18 35 44.534706
18 36 36.659922
18 37 28.163824
18 38 19.205702
18 39 10.000000

19 0 10.000000
19 1 19.145726
19 2 28.051550
19 3 36.508281
19 4 44.358445
19 5 51.503568
19 6 57.899793
19 7 63.546808
19 8 68.474804
19 9 72.732536
19 10 76.377855
19 11 79.470932
19 12 82.069810
19 13 84.227728
19 14 85.991681
19 15 87.401773
19 16 88.491050
19 17 89.285591
19 18 89.804693
19 19 90.061084
19 20 90.061084
19 21 89.804693
19 22 89.285591
19 23 88.491050
19 24 87.401773
19 25 85.991681
19 26 84.227728
19 27 82.069810
19 28 79.470932
19 29 76.377855
19 30 72.732536
19 31 68.474804
19 32 63.546808
19 33 57.899793
19 34 51.503568
19 35 44.358445
19 36 36.508281
19 37 28.051550
19 38 19.145726
19 39 10.000000

20 0 10.000000
20 1 19.145726
20 2 28.051550
20 3 36.508281
20 4 44.358445
20 5 51.503568
20 6 57.899793
20 7 63.546808
20 8 68.474804
20 9 72.732536
20 10 76.377855
20 11 79.470932
20 12 82.069810
20 13 84.227728
20 14 85.991681
20 15 87.401773
20 16 88.491050
20 17 89.285591
20 18 89.804693
20 19 90.061084
20 20 90.061084
20 21 89.804693
20 22 89.285591
20 23 88.491050
20 24 87.401773
20 25 85.991681
20 26 84.227728
20 27 82.069810
20 28 79.470932
20 29 76.377855
20 30 72.732536
20 31 68.474804
20 32 63.546808
20 33 57.899793
20 34 51.503568
20 35 44.358445
20 36 36.508281
20 37 28.051550
20 38 19.145726
20 39 10.000000

21 0 10.000000
21 1 19.205702
21 2 28.163824
21 3 36.659922
21 4 44.534706
21 5 51.690793
21 6 58.087096
21 7 63.726562
21 8 68.642370
21 9 72.885640
21 10 76.515916
21 11 79.594482
21 12 82.180050
21 13 84.326220
21 14 86.080146
21 15 87.481976
21 16 88.564735
21 17 89.354450
21 18 89.870370
21 19 90.125182
21 20 90.125182
21 21 89.870370
21 22 89.354450
21 23 88.564735
21 24 87.481976
21 25 86.080146
21 26 84.326220
21 27 82.180050
21 28 79.594482
21 29 76.515916
21 30 72.885640
21 31 68.642370
21 32 63.726562
21 33 58.087096
21 34 51.690793
21 35 44.534706
21 36 36.659922
21 37 28.163824
21 38 19.205702
21 39 10.000000

22 0 10.000000
22 1 19.327573
22 2 28.391603
22 3 36.966892
22 4 44.890640
22 5 52.067964
22 6 58.463607
22 7 64.087232
22 8 68.978070
22 9 73.191991
22 10 76.791904
22 11 79.841281
22 12 82.400139
22 13 84.522772
22 14 86.256636
22 15 87.641948
22 16 88.711680
22 17 89.491759
22 18 90.001325
22 19 90.252982
22 20 90.252982
22 21 90.001325
22 22 89.491759
22 23 88.711680
22 24 87.641948
22 25 86.256636
22 26 84.522772
22 27 82.400139
22 28 79.841281
22 29 76.791904
22 30 73.191991
22 31 68.978070
22 32 64.087232
22 33 58.463607
22 34 52.067964
22 35 44.890640
22 36 36.966892
22 37 28.391603
22 38 19.327573
22 39 10.000000

23 0 10.000000
23 1 19.515329
23 2 28.741567
23 3 37.436748
23 4 45.433180
23 5 52.640555
23 6 59.033123
23 7 64.631097
23 8 69.483000
23 9 73.651845
23 10 77.205527
23 11 80.210710
23 12 82.729285
23 13 84.816516
23 14 86.520264
23 15 87.880814
23 16 88.931038
23 17 89.696695
23 18 90.196757
23 19 90.443697
23 20 90.443697
23 21 90.196757
23 22 89.696695
23 23 88.931038
23 24 87.880814
23 25 86.520264
23 26 84.816516
23 27 82.729285
23 28 80.210710
23 29 77.205527
23 30 73.651845
23 31 69.483000
23 32 64.631097
23 33 59.033123
23 34 52.640555
23 35 45.433180
23 36 37.436748
23 37 28.741567
23 38 19.515329
23 39 10.000000

24 0 10.000000
24 1 19.775359
24 2 29.224295
24 3 38.081291
24 4 46.172985
24 5 53.416847
24 6 59.801289
24 7 65.361481
24 8 70.158694
24 9 74.265490
24 10 77.756274
24 11 80.701791
24 12 83.166266
24 13 85.206131
24 14 86.869691
24 15 88.197261
24 16 89.221538
24 17 89.968031
24 18 90.455470
24 19 90.696147
24 20 90.696147
24 21 90.455470
24 22 89.968031
24 23 89.221538
24 24 88.197261
24 25 86.869691
24 26 85.206131
24 27 83.166266
24 28 80.701791
24 29 77.756274
24 30 74.265490
24 31 70.158694
24 32 65.361481
24 33 59.801289
24 34 53.416847
24 35 46.172985
24 36 38.081291
24 37 29.224295
24 38 19.775359
24 39 10.000000

25 0 10.000000
25 1 20.116994
25 2 29.855009
25 3 38.917159
25 4 47.124748
25 5 54.407994
25 6 60.775516
25 7 66.282610
25 8 71.006991
25 9 75.033138
25 10 78.443337
25 11 81.313133
25 12 83.709399
25 13 85.689823
25 14 87.303116
25 15 88.589532
25 16 89.581484
25 17 90.304129
25 18 90.775873
25 19 91.008767
25 20 91.008767
25 21 90.775873
25 22 90.304129
25 23 89.581484
25 24 88.589532
25 25 87.303116
25 26 85.689823
25 27 83.709399
25 28 81.313133
25 29 78.443337
25 30 75.033138
25 31 71.006991
25 32 66.282610
25 33 60.775516
25 34 54.407994
25 35 47.124748
25 36 38.917159
25 37 29.855009
25 38 20.116994
25 39 10.000000

26 0 10.000000
26 1 20.553374
26 2 30.654688
26 3 39.966667
26 4 48.307598
26 5 55.628071
26 6 61.964851
26 7 67.399417
26 8 72.029848
26 9 75.954774
26 10 79.265500
26 11 82.042858
26 12 84.356494
26 13 86.265298
26 14 87.818259
26 15 89.055419
26 16 90.008757
26 17 90.702953
26 18 91.155989
26 19 91.379609
26 20 91.379609
26 21 91.155989
26 22 90.702953
26 23 90.008757
26 24 89.055419
26 25 87.818259
26 26 86.265298
26 27 84.356494
26 28 82.042858
26 29 79.265500
26 30 75.954774
26 31 72.029848
26 32 67.399417
26 33 61.964851
26 34 55.628071
26 35 48.307598
26 36 39.966667
26 37 30.654688
26 38 20.553374
26 39 10.000000

27 0 10.000000
27 1 21.102768
27 2 31.651702
27 3 41.258937
27 4 49.745562
27 5 57.094073
27 6 63.379738
27 7 68.717257
27 8 73.229080
27 9 77.029959
27 10 80.221007
27 11 82.888512
27 12 85.104796
27 13 86.929733
27 14 88.412353
27 15 89.592262
27 16 90.500816
27 17 91.162066
27 18 91.593460
27 19 91.806357
27 20 91.806357
27 21 91.593460
27 22 91.162066
27 23 90.500816
27 24 89.592262
27 25 88.412353
27 26 86.929733
27 27 85.104796
27 28 82.888512
27 29 80.221007
27 30 77.029959
27 31 73.229080
27 32 68.717257
27 33 63.379738
27 34 57.094073
27 35 49.745562
27 36 41.258937
27 37 31.651702
27 38 21.102768
27 39 10.000000

28 0 10.000000
28 1 21.790622
28 2 32.884141
28 3 42.831359
28 4 51.468054
28 5 58.825785
28 6 65.031663
28 7 70.241522
28 8 74.606049
28 9 78.257602
28 10 81.307398
28 11 83.846973
28 12 85.950934
28 13 87.679747
28 14 89.082125
28 15 90.196942
28 16 91.054702
28 17 91.678643
28 18 92.085554
28 19 92.286328
28 20 92.286328
28 21 92.085554
28 22 91.678643
28 23 91.054702
28 24 90.196942
28 25 89.082125
28 26 87.679747
28 27 85.950934
28 28 83.846973
28 29 81.307398
28 30 78.257602
28 31 74.606049
28 32 70.241522
28 33 65.031663
28 34 58.825785
28 35 51.468054
28 36 42.831359
28 37 32.884141
28 38 21.790622
28 39 10.000000

29 0 10.000000
29 1 22.652750
29 2 34.403155
29 3 44.731412
29 4 53.510288
29 5 60.845462
29 6 66.932592
29 7 71.977120
29 8 76.161261
29 9 79.635684
29 10 82.521345
29 11 84.914337
29 12 86.890860
29 13 88.511370
29 14 89.823788
29 15 90.865888
29 16 91.667041
29 17 92.249478
29 18 92.629182
29 19 92.816494
29 20 92.816494
29 21 92.629182
29 22 92.249478
29 23 91.667041
29 24 90.865888
29 25 89.823788
29 26 88.511370
29 27 86.890860
29 28 84.914337
29 29 82.521345
29 30 79.635684
29 31 76.161261
29 32 71.977120
29 33 66.932592
29 34 60.845462
29 35 53.510288
29 36 44.731412
29 37 34.403155
29 38 22.652750
29 39 10.000000

30 0 10.000000
30 1 23.740466
30 2 36.277705
30 3 47.018810
30 4 55.913446
30 5 63.177149
30 6 69.094172
30 7 73.927814
30 8 77.893903
30 9 81.160957
30 10 83.858459
30 11 86.085818
30 12 87.919789
30 13 89.420016
30 14 90.633030
30 15 91.595070
30 16 92.334059
30 17 92.870997
30 18 93.220908
30 19 93.393487
30 20 93.393487
30 21 93.220908
30 22 92.870997
30 23 92.334059
30 24 91.595070
30 25 90.633030
30 26 89.420016
30 27 87.919789
30 28 86.085818
30 29 83.858459
30 30 81.160957
30 31 77.893903
30 32 73.927814
30 33 69.094172
30 34 63.177149
30 35 55.913446
30 36 47.018810
30 37 36.277705
30 38 23.740466
30 39 10.000000

31 0 10.000000
31 1 25.128988
31 2 38.601290
31 3 49.767824
31 4 58.724339
31 5 65.845506
31 6 71.526596
31 7 76.095397
31 8 79.801303
31 9 82.828618
31 10 85.313108
31 11 87.355647
31 12 89.032154
31 13 90.400465
31 14 91.505016
31 15 92.380014
31 16 93.051591
31 17 93.539272
31 18 93.856968
31 19 94.013626
31 20 94.013626
31 21 93.856968
31 22 93.539272
31 23 93.051591
31 24 92.380014
31 25 91.505016
31 26 90.400465
31 27 89.032154
31 28 87.355647
31 29 85.313108
31 30 82.828618
31 31 79.801303
31 32 76.095397
31 33 71.526596
31 34 65.845506
31 35 58.724339
31 36 49.767824
31 37 38.601290
31 38 25.128988
31 39 10.000000

32 0 10.000000
32 1 26.931681
32 2 41.501316
32 3 53.069344
32 4 61.994068
32 5 68.873882
32 6 74.237094
32 7 78.478703
32 8 81.878351
32 9 84.631986
32 10 86.878245
32 11 88.716984
32 12 90.221567
32 13 91.446853
32 14 92.434390
32 15 93.215814
32 16 93.815096
32 17 94.250044
32 18 94.533287
32 19 94.672928
32 20 94.672928
32 21 94.533287
32 22 94.250044
32 23 93.815096
32 24 93.215814
32 25 92.434390
32 26 91.446853
32 27 90.221567
32 28 88.716984
32 29 86.878245
32 30 84.631986
32 31 81.878351
32 32 78.478703
32 33 74.237094
32 34 68.873882
32 35 61.994068
32 36 53.069344
32 37 41.501316
32 38 26.931681
32 39 10.000000

33 0 10.000000
33 1 29.324886
33 2 45.151744
33 3 57.031691
33 4 65.775025
33 5 72.281409
33 6 77.227991
33 7 81.072500
33 8 84.116902
33 9 86.562198
33 10 88.545261
33 11 90.161860
33 12 91.480805
33 13 92.552680
33 14 93.415293
33 15 94.097148
33 16 94.619686
33 17 94.998741
33 18 95.245506
33 19 95.367141
33 20 95.367141
33 21 95.245506
33 22 94.998741
33 23 94.619686
33 24 94.097148
33 25 93.415293
33 26 92.552680
33 27 91.480805
33 28 90.161860
33 29 88.545261
33 30 86.562198
33 31 84.116902
33 32 81.072500
33 33 77.227991
33 34 72.281409
33 35 65.775025
33 36 57.031691
33 37 45.151744
33 38 29.324886
33 39 10.000000

34 0 10.000000
34 1 32.592597
34 2 49.788900
34 3 61.778190
34 4 70.115219
34 5 76.078885
34 6 80.494407
34 7 83.866325
34 8 86.505229
34 9 88.607968
34 10 90.303894
34 11 91.681149
34 12 92.801811
34 13 93.710821
34 14 94.441384
34 15 95.018313
34 16 95.460146
34 17 95.780511
34 18 95.989008
34 19 96.091763
34 20 96.091763
34 21 95.989008
34 22 95.780511
34 23 95.460146
34 24 95.018313
34 25 94.441384
34 26 93.710821
34 27 92.801811
34 28 91.681149
34 29 90.303894
34 30 88.607968
34 31 86.505229
34 32 83.866325
34 33 80.494407
34 34 76.078885
34 35 70.115219
34 36 61.778190
34 37 49.788900
34 38 32.592597
34 39 10.000000

35 0 10.000000
35 1 37.209382
35 2 55.727810
35 3 67.437754
35 4 75.048755
35 5 80.263398
35 6 84.021724
35 7 86.843402
35 8 89.027597
35 9 90.755442
35 10 92.142195
35 11 93.264586
35 12 94.175729
35 13 94.913574
35 14 95.505885
35 15 95.973251
35 16 96.330972
35 17 96.590248
35 18 96.758945
35 19 96.842073
35 20 96.842073
35 21 96.758945
35 22 96.590248
35 23 96.330972
35 24 95.973251
35 25 95.505885
35 26 94.913574
35 27 94.175729
35 28 93.264586
35 29 92.142195
35 30 90.755442
35 31 89.027597
35 32 86.843402
35 33 84.021724
35 34 80.263398
35 35 75.048755
35 36 67.437754
35 37 55.727810
35 38 37.209382
35 39 10.000000

36 0 10.000000
36 1 43.998906
36 2 63.368841
36 3 74.122053
36 4 80.581380
36 5 84.811991
36 6 87.783204
36 7 89.979850
36 8 91.664053
36 9 92.988188
36 10 94.046586
36 11 94.900836
36 12 95.592972
36 13 96.152712
36 14 96.601621
36 15 96.955601
36 16 97.226410
36 17 97.422631
36 18 97.550274
36 19 97.613166
36 20 97.613166
36 21 97.550274
36 22 97.422631
36 23 97.226410
36 24 96.955601
36 25 96.601621
36 26 96.152712
36 27 95.592972
36 28 94.900836
36 29 94.046586
36 30 92.988188
36 31 91.664053
36 32 89.979850
36 33 87.783204
36 34 84.811991
36 35 80.581380
36 36 74.122053
36 37 63.368841
36 38 43.998906
36 39 10.000000

37 0 10.000000
37 1 54.445672
37 2 73.164053
37 3 81.879824
37 4 86.671183
37 5 89.675433
37 6 91.738325
37 7 93.244409
37 8 94.390525
37 9 95.287369
37 10 96.002013
37 11 96.577614
37 12 97.043314
37 13 97.419556
37 14 97.721090
37 15 97.958743
37 16 98.140495
37 17 98.272157
37 18 98.357791
37 19 98.399981
37 20 98.399981
37 21 98.357791
37 22 98.272157
37 23 98.140495
37 24 97.958743
37 25 97.721090
37 26 97.419556
37 27 97.043314
37 28 96.577614
37 29 96.002013
37 30 95.287369
37 31 94.390525
37 32 93.244409
37 33 91.738325
37 34 89.675433
37 35 86.671183
37 36 81.879824
37 37 73.164053
37 38 54.445672
37 39 10.000000

38 0 10.000000
38 1 71.324260
38 2 85.459917
38 3 90.618698
38 4 93.207765
38 5 94.774214
38 6 95.832647
38 7 96.598960
38 8 97.179316
38 9 97.632099
38 10 97.992202
38 11 98.281868
38 12 98.516020
38 13 98.705077
38 14 98.856530
38 15 98.975861
38 16 99.067103
38 17 99.133190
38 18 99.176170
38 19 99.197344
38 20 99.197344
38 21 99.176170
38 22 99.133190
38 23 99.067103
38 24 98.975861
38 25 98.856530
38 26 98.705077
38 27 98.516020
38 28 98.281868
38 29 97.992202
38 30 97.632099
38 31 97.179316
38 32 96.598960
38 33 95.832647
38 34 94.774214
38 35 93.207765
38 36 90.618698
38 37 85.459917
38 38 71.324260
38 39 10.000000

39 0 100.000000
39 1 100.000000
39 2 100.000000
39 3 100.000000
39 4 100.000000
39 5 100.000000
39 6 100.000000
39 7 100.000000
39 8 100.000000
39 9 100.000000
39 10 100.000000
39 11 100.000000
39 12 100.000000
39 13 100.000000
39 14 100.000000
39 15 100.000000
39 16 100.000000
39 17 100.000000
39 18 100.000000
39 19 100.000000
39 20 100.000000
39 21 100.000000
39 22 100.000000
39 23 100.000000
39 24 100.000000
39 25 100.000000
39 26 100.000000
39 27 100.000000
39 28 100.000000
39 29 100.000000
39 30 100.000000
39 31 100.000000
39 32 100.000000
39 33 100.000000
39 34 100.000000
39 35 100.000000
39 36 100.000000
39 37 100.000000
39 38 100.000000
39 39 100.000000

