0 0 54.030231
0 1 58.168309
0 2 62.160997
0 3 65.998315
0 4 69.670671
0 5 73.168887
0 6 76.484219
0 7 79.608380
0 8 82.533561
0 9 85.252452
0 10 87.758256
0 11 90.044710
0 12 92.106099
0 13 93.937271
0 14 95.533649
0 15 96.891242
0 16 98.006658
0 17 98.877108
0 18 99.500417
0 19 99.875026
0 20 100.000000
0 21 99.875026
0 22 99.500417
0 23 98.877108
0 24 98.006658
0 25 96.891242
0 26 95.533649
0 27 93.937271
0 28 92.106099
0 29 90.044710
0 30 87.758256
0 31 85.252452
0 32 82.533561
0 33 79.608380
0 34 76.484219
0 35 73.168887
0 36 69.670671
0 37 65.998315
0 38 62.160997
0 39 58.168309
0 40 0.000000
0 41 0.000000
0 42 0.000000
0 43 0.000000
0 44 0.000000
0 45 0.000000
0 46 0.000000
0 47 0.000000
0 48 0.000000
0 49 0.000000
0 50 0.000000
0 51 0.000000
0 52 0.000000
0 53 0.000000
0 54 0.000000
0 55 0.000000
0 56 0.000000
0 57 0.000000
0 58 0.000000
0 59 0.000000

1 0 10.000000
1 1 33.666296
1 2 46.037790
1 3 53.912728
1 4 59.737246
1 5 64.475935
1 6 68.546601
1 7 72.146839
1 8 75.377392
1 9 78.292725
1 10 80.923522
1 11 83.287487
1 12 85.394899
1 13 87.251651
1 14 88.860983
1 15 90.224534
1 16 91.342978
1 17 92.216434
1 18 92.844711
1 19 93.227468
1 20 93.364293
1 21 93.254725
1 22 92.898230
1 23 92.294123
1 24 91.441424
1 25 90.338635
1 26 88.983409
1 27 87.372044
1 28 85.498721
1 29 83.354312
1 30 80.924446
1 31 78.186204
1 32 75.102139
1 33 71.608661
1 34 67.591788
1 35 62.832333
1 36 56.871591
1 37 48.654683
1 38 35.508289
1 39 10.000000
1 40 0.000000
1 41 0.000000
1 42 0.000000
1 43 0.000000
1 44 0.000000
1 45 0.000000
1 46 0.000000
1 47 0.000000
1 48 0.000000
1 49 0.000000
1 50 0.000000
1 51 0.000000
1 52 0.000000
1 53 0.000000
1 54 0.000000
1 55 0.000000
1 56 0.000000
1 57 0.000000
1 58 0.000000
1 59 0.000000

2 0 10.000000
2 1 24.797230
2 2 36.138187
2 3 44.665095
2 4 51.306699
2 5 56.707583
2 6 61.260094
2 7 65.196974
2 8 68.657514
2 9 71.726820
2 10 74.458105
2 11 76.885352
2 12 79.030636
2 13 80.908478
2 14 82.528498
2 15 83.897072
2 16 85.018385
2 17 85.895107
2 18 86.528825
2 19 86.920302
2 20 87.069613
2 21 86.976189
2 22 86.638760
2 23 86.055212
2 24 85.222335
2 25 84.135422
2 26 82.787687
2 27 81.169389
2 28 79.266548
2 29 77.059011
2 30 74.517452
2 31 71.598606
2 32 68.237378
2 33 64.333364
2 34 59.727153
2 35 54.158462
2 36 47.195231
2 37 38.133871
2 38 25.965470
2 39 10.000000
2 40 0.000000
2 41 0.000000
2 42 0.000000
2 43 0.000000
2 44 0.000000
2 45 0.000000
2 46 0.000000
2 47 0.000000
2 48 0.000000
2 49 0.000000
2 50 0.000000
2 51 0.000000
2 52 0.000000
2 53 0.000000
2 54 0.000000
2 55 0.000000
2 56 0.000000
2 57 0.000000
2 58 0.000000
2 59 0.000000

3 0 10.000000
3 1 20.711931
3 2 30.133464
3 3 38.026878
3 4 44.593412
3 5 50.113449
3 6 54.825670
3 7 58.906404
3 8 62.479136
3 9 65.628762
3 10 68.413504
3 11 70.873478
3 12 73.036534
3 13 74.922153
3 14 76.544037
3 15 77.911841
3 16 79.032324
3 17 79.910118
3 18 80.548221
3 19 80.948312
3 20 81.110901
3 21 81.035378
3 22 80.719938
3 23 80.161394
3 24 79.354850
3 25 78.293210
3 26 76.966447
3 27 75.360563
3 28 73.456101
3 29 71.226023
3 30 68.632656
3 31 65.623298
3 32 62.123880
3 33 58.029967
3 34 53.194669
3 35 47.414748
3 36 40.422858
3 37 31.913461
3 38 21.678110
3 39 10.000000
3 40 0.000000
3 41 0.000000
3 42 0.000000
3 43 0.000000
3 44 0.000000
3 45 0.000000
3 46 0.000000
3 47 0.000000
3 48 0.000000
3 49 0.000000
3 50 0.000000
3 51 0.000000
3 52 0.000000
3 53 0.000000
3 54 0.000000
3 55 0.000000
3 56 0.000000
3 57 0.000000
3 58 0.000000
3 59 0.000000

4 0 10.000000
4 1 18.412648
4 2 26.243785
4 3 33.225173
4 4 39.328565
4 5 44.637399
4 6 49.265275
4 7 53.318951
4 8 56.886372
4 9 60.035736
4 10 62.818407
4 11 65.272562
4 12 67.426430
4 13 69.300859
4 14 70.911243
4 15 72.268921
4 16 73.382166
4 17 74.256879
4 18 74.897049
4 19 75.305043
4 20 75.481754
4 21 75.426631
4 22 75.137593
4 23 74.610826
4 24 73.840441
4 25 72.817951
4 26 71.531534
4 27 69.964993
4 28 68.096335
4 29 65.895856
4 30 63.323626
4 31 60.326277
4 32 56.833209
4 33 52.752710
4 34 47.969621
4 35 42.348502
4 36 35.750840
4 37 28.081914
4 38 19.387649
4 39 10.000000
4 40 0.000000
4 41 0.000000
4 42 0.000000
4 43 0.000000
4 44 0.000000
4 45 0.000000
4 46 0.000000
4 47 0.000000
4 48 0.000000
4 49 0.000000
4 50 0.000000
4 51 0.000000
4 52 0.000000
4 53 0.000000
4 54 0.000000
4 55 0.000000
4 56 0.000000
4 57 0.000000
4 58 0.000000
4 59 0.000000

5 0 10.000000
5 1 16.918226
5 2 23.530228
5 3 29.638688
5 4 35.163452
5 5 40.103854
5 6 44.499618
5 7 48.404517
5 8 51.872236
5 9 54.950241
5 10 57.678004
5 11 60.087270
5 12 62.203091
5 13 64.045023
5 14 65.628217
5 15 66.964318
5 16 68.062157
5 17 68.928266
5 18 69.567226
5 19 69.981889
5 20 70.173486
5 21 70.141643
5 22 69.884284
5 23 69.397448
5 24 68.674964
5 25 67.707988
5 26 66.484337
5 27 64.987579
5 28 63.195834
5 29 61.080225
5 30 58.602994
5 31 55.715373
5 32 52.355591
5 33 48.447895
5 34 43.904477
5 35 38.633871
5 36 32.561539
5 37 25.669523
5 38 18.056890
5 39 10.000000
5 40 0.000000
5 41 0.000000
5 42 0.000000
5 43 0.000000
5 44 0.000000
5 45 0.000000
5 46 0.000000
5 47 0.000000
5 48 0.000000
5 49 0.000000
5 50 0.000000
5 51 0.000000
5 52 0.000000
5 53 0.000000
5 54 0.000000
5 55 0.000000
5 56 0.000000
5 57 0.000000
5 58 0.000000
5 59 0.000000

6 0 10.000000
6 1 15.847645
6 2 21.513614
6 3 26.860086
6 4 31.807143
6 5 36.324134
6 6 40.413360
6 7 44.095175
6 8 47.397496
6 9 50.349509
6 10 52.978427
6 11 55.308130
6 12 57.358837
6 13 59.147303
6 14 60.687189
6 15 61.989487
6 16 63.062882
6 17 63.914048
6 18 64.547850
6 19 64.967474
6 20 65.174480
6 21 65.168786
6 22 64.948592
6 23 64.510224
6 24 63.847884
6 25 62.953286
6 26 61.815142
6 27 60.418453
6 28 58.743588
6 29 56.765111
6 30 54.450375
6 31 51.757978
6 32 48.636333
6 33 45.022972
6 34 40.845822
6 35 36.028897
6 36 30.506749
6 37 24.254524
6 38 17.341019
6 39 10.000000
6 40 0.000000
6 41 0.000000
6 42 0.000000
6 43 0.000000
6 44 0.000000
6 45 0.000000
6 46 0.000000
6 47 0.000000
6 48 0.000000
6 49 0.000000
6 50 0.000000
6 51 0.000000
6 52 0.000000
6 53 0.000000
6 54 0.000000
6 55 0.000000
6 56 0.000000
6 57 0.000000
6 58 0.000000
6 59 0.000000

7 0 10.000000
7 1 15.028517
7 2 19.939210
7 3 24.634308
7 4 29.046081
7 5 33.136478
7 6 36.890991
7 7 40.311086
7 8 43.407611
7 9 46.195966
7 10 48.692992
7 11 50.915141
7 12 52.877549
7 13 54.593636
7 14 56.075003
7 15 57.331476
7 16 58.371191
7 17 59.200678
7 18 59.824914
7 19 60.247342
7 20 60.469866
7 21 60.492814
7 22 60.314872
7 23 59.932997
7 24 59.342268
7 25 58.535674
7 26 57.503794
7 27 56.234344
7 28 54.711565
7 29 52.915406
7 30 50.820471
7 31 48.394696
7 32 45.597650
7 33 42.378379
7 34 38.672669
7 35 34.400009
7 36 29.462447
7 37 23.754790
7 38 17.216863
7 39 10.000000
7 40 0.000000
7 41 0.000000
7 42 0.000000
7 43 0.000000
7 44 0.000000
7 45 0.000000
7 46 0.000000
7 47 0.000000
7 48 0.000000
7 49 0.000000
7 50 0.000000
7 51 0.000000
7 52 0.000000
7 53 0.000000
7 54 0.000000
7 55 0.000000
7 56 0.000000
7 57 0.000000
7 58 0.000000
7 59 0.000000

8 0 10.000000
8 1 14.372468
8 2 18.663209
8 3 22.800674
8 4 26.729830
8 5 30.413712
8 6 33.831483
8 7 36.974847
8 8 39.844256
8 9 42.445650
8 10 44.788007
8 11 46.881654
8 12 48.737191
8 13 50.364841
8 14 51.774089
8 15 52.973476
8 16 53.970474
8 17 54.771395
8 18 55.381295
8 19 55.803892
8 20 56.041485
8 21 56.094889
8 22 55.963413
8 23 55.644840
8 24 55.135427
8 25 54.429876
8 26 53.521261
8 27 52.400865
8 28 51.057926
8 29 49.479229
8 30 47.648479
8 31 45.545286
8 32 43.143364
8 33 40.407057
8 34 37.284222
8 35 33.691402
8 36 29.484018
8 37 24.404221
8 38 18.032412
8 39 10.000000
8 40 0.000000
8 41 0.000000
8 42 0.000000
8 43 0.000000
8 44 0.000000
8 45 0.000000
8 46 0.000000
8 47 0.000000
8 48 0.000000
8 49 0.000000
8 50 0.000000
8 51 0.000000
8 52 0.000000
8 53 0.000000
8 54 0.000000
8 55 0.000000
8 56 0.000000
8 57 0.000000
8 58 0.000000
8 59 0.000000

9 0 10.000000
9 1 13.829537
9 2 17.599355
9 3 21.255357
9 4 24.753058
9 5 28.059268
9 6 31.151775
9 7 34.017786
9 8 36.651857
9 9 39.053862
9 10 41.227257
9 11 43.177734
9 12 44.912247
9 13 46.438332
9 14 47.763639
9 15 48.895597
9 16 49.841146
9 17 50.606499
9 18 51.196919
9 19 51.616506
9 20 51.868033
9 21 51.952856
9 22 51.870911
9 23 51.620821
9 24 51.200055
9 25 50.605138
9 26 49.831849
9 27 48.875402
9 28 47.730595
9 29 46.391914
9 30 44.853571
9 31 43.109340
9 32 41.151893
9 33 38.970723
9 34 36.546273
9 35 33.833400
9 36 30.713084
9 37 26.841905
9 38 21.146371
9 39 10.000000
9 40 0.000000
9 41 0.000000
9 42 0.000000
9 43 0.000000
9 44 0.000000
9 45 0.000000
9 46 0.000000
9 47 0.000000
9 48 0.000000
9 49 0.000000
9 50 0.000000
9 51 0.000000
9 52 0.000000
9 53 0.000000
9 54 0.000000
9 55 0.000000
9 56 0.000000
9 57 0.000000
9 58 0.000000
9 59 0.000000

10 0 10.000000
10 1 13.369262
10 2 16.693031
10 3 19.929143
10 4 23.041326
10 5 26.000604
10 6 28.785559
10 7 31.381748
10 8 33.780656
10 9 35.978489
10 10 37.975043
10 11 39.772725
10 12 41.375784
10 13 42.789716
10 14 44.020802
10 15 45.075725
10 16 45.961222
10 17 46.683726
10 18 47.248990
10 19 47.661727
10 20 47.925316
10 21 48.041641
10 22 48.011138
10 23 47.833031
10 24 47.505724
10 25 47.027283
10 26 46.395944
10 27 45.610647
10 28 44.671600
10 29 43.580951
10 30 42.343627
10 31 40.968503
10 32 39.470072
10 33 37.871109
10 34 36.207524
10 35 34.539337
10 36 32.981405
10 37 31.804647
10 38 31.804741
10 39 35.729663
10 40 54.030231
10 41 62.160997
10 42 69.670671
10 43 76.484219
10 44 82.533561
10 45 87.758256
10 46 92.106099
10 47 95.533649
10 48 98.006658
10 49 99.500417
10 50 100.000000
10 51 99.500417
10 52 98.006658
10 53 95.533649
10 54 92.106099
10 55 87.758256
10 56 82.533561
10 57 76.484219
10 58 69.670671
10 59 62.160997

11 0 10.000000
11 1 12.971951
11 2 15.908032
11 3 18.774457
11 4 21.541227
11 5 24.183218
11 6 26.680610
11 7 29.018766
11 8 31.187757
11 9 33.181704
11 10 34.998084
11 11 36.637091
11 12 38.101090
11 13 39.394176
11 14 40.521787
11 15 41.490351
11 16 42.306896
11 17 42.978586
11 18 43.512170
11 19 43.913384
11 20 44.186423
11 21 44.333650
11 22 44.355662
11 23 44.251744
11 24 44.020574
11 25 43.661049
11 26 43.173131
11 27 42.558693
11 28 41.822438
11 29 40.972994
11 30 40.024412
11 31 38.998333
11 32 37.927399
11 33 36.860936
11 34 35.875144
11 35 35.092670
11 36 34.722150
11 37 35.138527
11 38 37.030821
11 39 41.562241
11 40 49.813373
11 41 56.838079
11 42 63.154241
11 43 68.855842
11 44 73.917413
11 45 78.283463
11 46 81.895463
11 47 84.699917
11 48 86.650326
11 49 87.706780
11 50 87.834118
11 51 86.998374
11 52 85.160215
11 53 82.262247
11 54 78.202674
11 55 72.776107
11 56 65.529109
11 57 55.377193
11 58 39.506923
11 59 10.000000

12 0 10.000000
12 1 12.624288
12 2 15.219443
12 3 17.757700
12 4 20.213832
12 5 22.565971
12 6 24.796056
12 7 26.889920
12 8 28.837134
12 9 30.630688
12 10 32.266626
12 11 33.743680
12 12 35.062954
12 13 36.227666
12 14 37.242907
12 15 38.115385
12 16 38.853061
12 17 39.464597
12 18 39.958561
12 19 40.342443
12 20 40.621665
12 21 40.798965
12 22 40.874485
12 23 40.846586
12 24 40.713078
12 25 40.472522
12 26 40.125430
12 27 39.675347
12 28 39.129936
12 29 38.502255
12 30 37.812459
12 31 37.090246
12 32 36.378536
12 33 35.739106
12 34 35.261355
12 35 35.075825
12 36 35.373766
12 37 36.429615
12 38 38.604133
12 39 42.246427
12 40 47.293992
12 41 52.495846
12 42 57.488415
12 43 62.113320
12 44 66.263923
12 45 69.852339
12 46 72.802534
12 47 75.048257
12 48 76.531303
12 49 77.199115
12 50 77.001221
12 51 75.883758
12 52 73.780635
12 53 70.598605
12 54 66.191280
12 55 60.313586
12 56 52.545305
12 57 42.184844
12 58 28.217435
12 59 10.000000

13 0 10.000000
13 1 12.316949
13 2 14.609606
13 3 16.854613
13 4 19.030370
13 5 21.117658
13 6 23.100043
13 7 24.964052
13 8 26.699187
13 9 28.297825
13 10 29.755077
13 11 31.068648
13 12 32.238746
13 13 33.268036
13 14 34.161622
13 15 34.926997
13 16 35.573816
13 17 36.113335
13 18 36.557315
13 19 36.916362
13 20 37.197976
13 21 37.405151
13 22 37.536447
13 23 37.587600
13 24 37.553745
13 25 37.431451
13 26 37.220279
13 27 36.923941
13 28 36.551302
13 29 36.117490
13 30 35.645372
13 31 35.167622
13 32 34.729634
13 33 34.393500
13 34 34.243109
13 35 34.389817
13 36 34.976371
13 37 36.172374
13 38 38.145921
13 39 40.985603
13 40 44.561060
13 41 48.443283
13 42 52.331464
13 43 56.027275
13 44 59.388543
13 45 62.304567
13 46 64.684655
13 47 66.452203
13 48 67.540631
13 49 67.889661
13 50 67.441084
13 51 66.133378
13 52 63.894352
13 53 60.630872
13 54 56.215000
13 55 50.467795
13 56 43.149291
13 57 33.984812
13 58 22.810334
13 59 10.000000

14 0 10.000000
14 1 12.043231
14 2 14.065719
14 3 16.047374
14 4 17.969355
14 5 19.814540
14 6 21.567872
14 7 23.216557
14 8 24.750163
14 9 26.160653
14 10 27.442393
14 11 28.592196
14 12 29.609430
14 13 30.496229
14 14 31.257792
14 15 31.902699
14 16 32.443084
14 17 32.894305
14 18 33.273626
14 19 33.597453
14 20 33.877317
14 21 34.116360
14 22 34.309335
14 23 34.446274
14 24 34.516819
14 25 34.513393
14 26 34.433003
14 27 34.278143
14 28 34.057335
14 29 33.785744
14 30 33.486081
14 31 33.189962
14 32 32.939756
14 33 32.790811
14 34 32.813652
14 35 33.095025
14 36 33.735448
14 37 34.838948
14 38 36.488908
14 39 38.706403
14 40 41.403540
14 41 44.382472
14 42 47.440768
14 43 50.404263
14 44 53.129421
14 45 55.498573
14 46 57.414584
14 47 58.796105
14 48 59.573350
14 49 59.684160
14 50 59.070051
14 51 57.672024
14 52 55.425998
14 53 52.258144
14 54 48.081396
14 55 42.796813
14 56 36.308260
14 57 28.566786
14 58 19.667395
14 59 10.000000

15 0 10.000000
15 1 11.798225
15 2 13.578347
15 3 15.322730
15 4 17.014630
15 5 18.638556
15 6 20.180542
15 7 21.628339
15 8 22.971542
15 9 24.201681
15 10 25.312322
15 11 26.299229
15 12 27.160645
15 13 27.897762
15 14 28.515423
15 15 29.023070
15 16 29.435763
15 17 29.774790
15 18 30.066744
15 19 30.339392
15 20 30.613159
15 21 30.891330
15 22 31.159779
15 23 31.396843
15 24 31.582274
15 25 31.701858
15 26 31.748803
15 27 31.723620
15 28 31.633657
15 29 31.492853
15 30 31.321885
15 31 31.148757
15 32 31.009721
15 33 30.950358
15 34 31.026367
15 35 31.303276
15 36 31.853590
15 37 32.749175
15 38 34.046379
15 39 35.763339
15 40 37.855994
15 41 40.211813
15 42 42.681287
15 43 45.111131
15 44 47.363039
15 45 49.319763
15 46 50.884293
15 47 51.976373
15 48 52.528472
15 49 52.482008
15 50 51.784026
15 51 50.384370
15 52 48.233532
15 53 45.281808
15 54 41.481126
15 55 36.792226
15 56 31.201377
15 57 24.751412
15 58 17.587438
15 59 10.000000

16 0 10.000000
16 1 11.578274
16 2 13.140441
16 3 14.670726
16 4 16.153988
16 5 17.575984
16 6 18.923577
16 7 20.184889
16 8 21.349412
16 9 22.408105
16 10 23.353509
16 11 24.179951
16 12 24.883901
16 13 25.464630
16 14 25.925323
16 15 26.274862
16 16 26.530404
16 17 26.720427
16 18 26.886582
16 19 27.079785
16 20 27.342903
16 21 27.679757
16 22 28.053664
16 23 28.418878
16 24 28.738865
16 25 28.990861
16 26 29.164436
16 27 29.258757
16 28 29.280348
16 29 29.241710
16 30 29.160680
16 31 29.060364
16 32 28.969415
16 33 28.922537
16 34 28.961020
16 35 29.133113
16 36 29.493847
16 37 30.103527
16 38 31.022872
16 39 32.300281
16 40 33.944205
16 41 35.883847
16 42 37.976657
16 43 40.064275
16 44 42.005217
16 45 43.683782
16 46 45.007911
16 47 45.904020
16 48 46.312053
16 49 46.181610
16 50 45.469179
16 51 44.136412
16 52 42.149559
16 53 39.480500
16 54 36.110223
16 55 32.036011
16 56 27.283584
16 57 21.924284
16 58 16.093591
16 59 10.000000

17 0 10.000000
17 1 11.380615
17 2 12.746664
17 3 14.083806
17 4 15.378142
17 5 16.616391
17 6 17.786032
17 7 18.875402
17 8 19.873759
17 9 20.771328
17 10 21.559351
17 11 22.230213
17 12 22.777706
17 13 23.197638
17 14 23.489068
17 15 23.656756
17 16 23.715729
17 17 23.699100
17 18 23.668983
17 19 23.723409
17 20 23.970590
17 21 24.416900
17 22 24.959580
17 23 25.503511
17 24 25.989559
17 25 26.388408
17 26 26.689764
17 27 26.894556
17 28 27.010403
17 29 27.049238
17 30 27.026171
17 31 26.959005
17 32 26.868110
17 33 26.776567
17 34 26.710748
17 35 26.701854
17 36 26.789543
17 37 27.029278
17 38 27.503775
17 39 28.329936
17 40 29.623120
17 41 31.343883
17 42 33.279214
17 43 35.220432
17 44 37.010544
17 45 38.538371
17 46 39.723946
17 47 40.507204
17 48 40.840930
17 49 40.686733
17 50 40.012928
17 51 38.793762
17 52 37.009818
17 53 34.649736
17 54 31.713625
17 55 28.218500
17 56 24.205752
17 57 19.749606
17 58 14.963615
17 59 10.000000

18 0 10.000000
18 1 11.203119
18 2 12.392895
18 3 13.556133
18 4 14.679925
18 5 15.751758
18 6 16.759589
18 7 17.691885
18 8 18.537607
18 9 19.286170
18 10 19.927356
18 11 20.451226
18 12 20.848067
18 13 21.108503
18 14 21.224084
18 15 21.189119
18 16 21.005694
18 17 20.696441
18 18 20.334372
18 19 20.100243
18 20 20.322666
18 21 21.020661
18 22 21.863763
18 23 22.668259
18 24 23.360946
18 25 23.920892
18 26 24.348742
18 27 24.653464
18 28 24.847049
18 29 24.942444
18 30 24.952698
18 31 24.890491
18 32 24.767702
18 33 24.594994
18 34 24.381686
18 35 24.136916
18 36 23.874796
18 37 23.630097
18 38 23.497944
18 39 23.713194
18 40 24.710229
18 41 26.506938
18 42 28.573624
18 43 30.585731
18 44 32.378897
18 45 33.866665
18 46 34.996822
18 47 35.732575
18 48 36.045135
18 49 35.911037
18 50 35.311499
18 51 34.232814
18 52 32.667498
18 53 30.616244
18 54 28.090750
18 55 25.117424
18 56 21.741621
18 57 18.031459
18 58 14.079484
18 59 10.000000

19 0 10.000000
19 1 11.044091
19 2 12.075855
19 3 13.083057
19 4 14.053624
19 5 14.975707
19 6 15.837695
19 7 16.628191
19 8 17.335931
19 9 17.949630
19 10 18.457735
19 11 18.848058
19 12 19.107222
19 13 19.219860
19 14 19.167470
19 15 18.926961
19 16 18.469814
19 17 17.766885
19 18 16.822679
19 19 15.845171
19 20 16.016510
19 21 17.423581
19 22 18.821381
19 23 19.987762
19 24 20.916055
19 25 21.636208
19 26 22.178140
19 27 22.566196
19 28 22.819599
19 29 22.953490
19 30 22.979518
19 31 22.905826
19 32 22.736385
19 33 22.469615
19 34 22.096171
19 35 21.595993
19 36 20.935937
19 37 20.075144
19 38 19.011281
19 39 18.014394
19 40 18.690525
19 41 21.296323
19 42 23.943573
19 43 26.254066
19 44 28.169944
19 45 29.689925
19 46 30.815583
19 47 31.543682
19 48 31.867551
19 49 31.779547
19 50 31.273253
19 51 30.345401
19 52 28.997757
19 53 27.239141
19 54 25.087710
19 55 22.573408
19 56 19.740273
19 57 16.647998
19 58 13.371839
19 59 10.000000

20 0 10.000000
20 1 10.902123
20 2 11.792814
20 3 12.660685
20 4 13.494430
20 5 14.282834
20 6 15.014752
20 7 15.679039
20 8 16.264417
20 9 16.759241
20 10 17.151136
20 11 17.426424
20 12 17.569179
20 13 17.559631
20 14 17.371226
20 15 16.964650
20 16 16.274116
20 17 15.171275
20 18 13.357081
20 19 10.000000
20 20 10.000000
20 21 13.839331
20 22 16.099304
20 23 17.636795
20 24 18.759250
20 25 19.598195
20 26 20.220514
20 27 20.665300
20 28 20.957564
20 29 21.113827
20 30 21.144361
20 31 21.053685
20 32 20.839780
20 33 20.491882
20 34 19.986066
20 35 19.276353
20 36 18.274913
20 37 16.801257
20 38 14.431916
20 39 10.000000
20 40 10.000000
20 41 16.028336
20 42 19.779622
20 43 22.468580
20 44 24.508944
20 45 26.058962
20 46 27.184597
20 47 27.914278
20 48 28.260035
20 49 28.227006
20 50 27.818475
20 51 27.039018
20 52 25.896834
20 53 24.405725
20 54 22.586916
20 55 20.470682
20 56 18.097596
20 57 15.519048
20 58 12.796624
20 59 10.000000

21 0 10.000000
21 1 10.775979
21 2 11.541356
21 3 12.285547
21 4 12.997991
21 5 13.668141
21 6 14.285414
21 7 14.839105
21 8 15.318238
21 9 15.711311
21 10 16.005932
21 11 16.188227
21 12 16.241937
21 13 16.146957
21 14 15.876947
21 15 15.395361
21 16 14.649086
21 17 13.560237
21 18 12.026966
21 19 10.000000
21 20 10.000000
21 21 12.441045
21 22 14.377202
21 23 15.860274
21 24 16.994846
21 25 17.860009
21 26 18.508608
21 27 18.975507
21 28 19.283766
21 29 19.448182
21 30 19.476967
21 31 19.372105
21 32 19.128632
21 33 18.732720
21 34 18.158170
21 35 17.360489
21 36 16.267477
21 37 14.767073
21 38 12.707325
21 39 10.000000
21 40 10.000000
21 41 13.911975
21 42 17.086021
21 43 19.580802
21 44 21.526623
21 45 23.015381
21 46 24.101643
21 47 24.816259
21 48 25.176789
21 49 25.194190
21 50 24.877090
21 51 24.234681
21 52 23.278852
21 53 22.025873
21 54 20.497783
21 55 18.723462
21 56 16.739295
21 57 14.589236
21 58 12.324106
21 59 10.000000

22 0 10.000000
22 1 10.664508
22 2 11.319221
22 3 11.954348
22 4 12.560093
22 5 13.126634
22 6 13.644076
22 7 14.102369
22 8 14.491170
22 9 14.799649
22 10 15.016196
22 11 15.128004
22 12 15.120494
22 13 14.976537
22 14 14.675508
22 15 14.192422
22 16 13.498208
22 17 12.564316
22 18 11.380166
22 19 10.000000
22 20 10.000000
22 21 11.741568
22 22 13.282204
22 23 14.566107
22 24 15.603326
22 25 16.421567
22 26 17.048192
22 27 17.505284
22 28 17.809056
22 29 17.970265
22 30 17.994551
22 31 17.882375
22 32 17.628472
22 33 17.220807
22 34 16.639108
22 35 15.853386
22 36 14.823903
22 37 13.507070
22 38 11.879033
22 39 10.000000
22 40 10.000000
22 41 12.816969
22 42 15.332579
22 43 17.452830
22 44 19.176914
22 45 20.528888
22 46 21.533078
22 47 22.208324
22 48 22.568461
22 49 22.624351
22 50 22.385958
22 51 21.864144
22 52 21.072149
22 53 20.026797
22 54 18.749453
22 55 17.266688
22 56 15.610601
22 57 13.818692
22 58 11.933217
22 59 10.000000

23 0 10.000000
23 1 10.566593
23 2 11.124196
23 3 11.663817
23 4 12.176456
23 5 12.653084
23 6 13.084608
23 7 13.461813
23 8 13.775274
23 9 14.015229
23 10 14.171427
23 11 14.232926
23 12 14.187904
23 13 14.023521
23 14 13.726049
23 15 13.281702
23 16 12.679062
23 17 11.914776
23 18 11.004666
23 19 10.000000
23 20 10.000000
23 21 11.320197
23 22 12.542546
23 23 13.613373
23 24 14.514889
23 25 15.248336
23 26 15.822422
23 27 16.247271
23 28 16.531667
23 29 16.681860
23 30 16.701009
23 31 16.588806
23 32 16.341131
23 33 15.949771
23 34 15.402430
23 35 14.683669
23 36 13.778046
23 37 12.677798
23 38 11.398139
23 39 10.000000
23 40 10.000000
23 41 12.139070
23 42 14.126347
23 43 15.873186
23 44 17.342238
23 45 18.523756
23 46 19.419801
23 47 20.036524
23 48 20.381239
23 49 20.461825
23 50 20.287105
23 51 19.867561
23 52 19.216112
23 53 18.348819
23 54 17.285442
23 55 16.049806
23 56 14.669896
23 57 13.177651
23 58 11.608407
23 59 10.000000

24 0 10.000000
24 1 10.481121
24 2 10.954058
24 3 11.410632
24 4 11.842662
24 5 12.241961
24 6 12.600322
24 7 12.909487
24 8 13.161114
24 9 13.346738
24 10 13.457726
24 11 13.485284
24 12 13.420521
24 13 13.254708
24 14 12.979878
24 15 12.590073
24 16 12.083648
24 17 11.467065
24 18 10.760042
24 19 10.000000
24 20 10.000000
24 21 11.034254
24 22 12.012609
24 23 12.894978
24 24 13.659072
24 25 14.295677
24 26 14.803208
24 27 15.183656
24 28 15.440024
24 29 15.574831
24 30 15.589270
24 31 15.482740
24 32 15.252665
24 33 14.894625
24 34 14.403010
24 35 13.772585
24 36 13.001567
24 37 12.096847
24 38 11.081232
24 39 10.000000
24 40 10.000000
24 41 11.671267
24 42 13.252901
24 43 14.678021
24 44 15.905532
24 45 16.913742
24 46 17.693130
24 47 18.241205
24 48 18.559591
24 49 18.652664
24 50 18.527108
24 51 18.191952
24 52 17.658822
24 53 16.942236
24 54 16.059854
24 55 15.032610
24 56 13.884670
24 57 12.643183
24 58 11.337804
24 59 10.000000

25 0 10.000000
25 1 10.406975
25 2 10.806570
25 3 11.191418
25 4 11.554168
25 5 11.887501
25 6 12.184126
25 7 12.436796
25 8 12.638311
25 9 12.781546
25 10 12.859502
25 11 12.865421
25 12 12.792999
25 13 12.636784
25 14 12.392843
25 15 12.059856
25 16 11.640703
25 17 11.144533
25 18 10.588798
25 19 10.000000
25 20 10.000000
25 21 10.825680
25 22 11.615526
25 23 12.340285
25 24 12.979712
25 25 13.521664
25 26 13.959887
25 27 14.291780
25 28 14.516631
25 29 14.634403
25 30 14.644961
25 31 14.547670
25 32 14.341312
25 33 14.024359
25 34 13.595717
25 35 13.056091
25 36 12.410145
25 37 11.669382
25 38 10.855145
25 39 10.000000
25 40 10.000000
25 41 11.327520
25 42 12.596085
25 43 13.756363
25 44 14.772356
25 45 15.620439
25 46 16.286615
25 47 16.763795
25 48 17.049796
25 49 17.146104
25 50 17.057213
25 51 16.790357
25 52 16.355452
25 53 15.765129
25 54 15.034766
25 55 14.182466
25 56 13.228922
25 57 12.197149
25 58 11.112077
25 59 10.000000

26 0 10.000000
26 1 10.343042
26 2 10.679495
26 3 11.002788
26 4 11.306393
26 5 11.583845
26 6 11.828769
26 7 12.034908
26 8 12.196173
26 9 12.306705
26 10 12.360983
26 11 12.353987
26 12 12.281456
26 13 12.140278
26 14 11.929057
26 15 11.648897
26 16 11.304355
26 17 10.904445
26 18 10.463315
26 19 10.000000
26 20 10.000000
26 21 10.666705
26 22 11.308526
26 23 11.903699
26 24 12.435265
26 25 12.891222
26 26 13.263738
26 27 13.548056
26 28 13.741444
26 29 13.842366
26 30 13.849924
26 31 13.763559
26 32 13.583031
26 33 13.308681
26 34 12.942033
26 35 12.486755
26 36 11.949955
26 37 11.343613
26 38 10.685677
26 39 10.000000
26 40 10.000000
26 41 11.065373
26 42 12.089148
26 43 13.034409
26 44 13.871579
26 45 14.578910
26 46 15.141686
26 47 15.550990
26 48 15.802554
26 49 15.895875
26 50 15.833636
26 51 15.621354
26 52 15.267193
26 53 14.781847
26 54 14.178450
26 55 13.472454
26 56 12.681448
26 57 11.824885
26 58 10.923728
26 59 10.000000

27 0 10.000000
27 1 10.288231
27 2 10.570633
27 3 10.841407
27 4 11.094814
27 5 11.325212
27 6 11.527092
27 7 11.695130
27 8 11.824253
27 9 11.909725
27 10 11.947273
27 11 11.933260
27 12 11.864926
27 13 11.740714
27 14 11.560691
27 15 11.327049
27 16 11.044640
27 17 10.721411
27 18 10.368537
27 19 10.000000
27 20 10.000000
27 21 10.542173
27 22 11.066092
27 23 11.555150
27 24 11.995469
27 25 12.376267
27 26 12.689662
27 27 12.930189
27 28 13.094238
27 29 13.179555
27 30 13.184884
27 31 13.109779
27 32 12.954607
27 33 12.720750
27 34 12.411020
27 35 12.030252
27 36 11.586016
27 37 11.089255
27 38 10.554604
27 39 10.000000
27 40 10.000000
27 41 10.860802
27 42 11.690879
27 43 12.462063
27 44 13.150512
27 45 13.737458
27 46 14.209173
27 47 14.556512
27 48 14.774333
27 49 14.860955
27 50 14.817730
27 51 14.648725
27 52 14.360506
27 53 13.961958
27 54 13.464138
27 55 12.880104
27 56 12.224709
27 57 11.514344
27 58 10.766621
27 59 10.000000

28 0 10.000000
28 1 10.241487
28 2 10.477866
28 3 10.704063
28 4 10.915084
28 5 11.106050
28 6 11.272254
28 7 11.409214
28 8 11.512749
28 9 11.579075
28 10 11.604928
28 11 11.587718
28 12 11.525737
28 13 11.418399
28 14 11.266536
28 15 11.072697
28 16 10.841423
28 17 10.579409
28 18 10.295437
28 19 10.000000
28 20 10.000000
28 21 10.442904
28 22 10.871908
28 23 11.274059
28 24 11.638056
28 25 11.954603
28 26 12.216441
28 27 12.418174
28 28 12.556002
28 29 12.627452
28 30 12.631171
28 31 12.566820
28 32 12.435089
28 33 12.237834
28 34 11.978327
28 35 11.661597
28 36 11.294773
28 37 10.887343
28 38 10.451147
28 39 10.000000
28 40 10.000000
28 41 10.698758
28 42 11.374121
28 43 12.004228
28 44 12.569933
28 45 13.055496
28 46 13.448806
28 47 13.741297
28 48 13.927702
28 49 14.005756
28 50 13.975911
28 51 13.841100
28 52 13.606522
28 53 13.279470
28 54 12.869154
28 55 12.386523
28 56 11.844053
28 57 11.255509
28 58 10.635668
28 59 10.000000

29 0 10.000000
29 1 10.201815
29 2 10.399190
29 3 10.587725
29 4 10.763109
29 5 10.921163
29 6 11.057893
29 7 11.169560
29 8 11.252744
29 9 11.304445
29 10 11.322184
29 11 11.304145
29 12 11.249323
29 13 11.157711
29 14 11.030480
29 15 10.870157
29 16 10.680754
29 17 10.467797
29 18 10.238207
29 19 10.000000
29 20 10.000000
29 21 10.362876
29 22 10.714891
29 23 11.045776
29 24 11.346318
29 25 11.608661
29 26 11.826409
29 27 11.994609
29 28 12.109641
29 29 12.169095
29 30 12.171671
29 31 12.117119
29 32 12.006263
29 33 11.841080
29 34 11.624838
29 35 11.362274
29 36 11.059735
29 37 10.725242
29 38 10.368386
29 39 10.000000
29 40 10.000000
29 41 10.569094
29 42 11.120003
29 43 11.635529
29 44 12.100277
29 45 12.501220
29 46 12.827982
29 47 13.072915
29 48 13.231039
29 49 13.299895
29 50 13.279376
29 51 13.171559
29 52 12.980531
29 53 12.712225
29 54 12.374262
29 55 11.975764
29 56 11.527166
29 57 11.039994
29 58 10.526621
29 59 10.000000

30 0 10.000000
30 1 10.168289
30 2 10.332748
30 3 10.489590
30 4 10.635122
30 5 10.765787
30 6 10.878224
30 7 10.969327
30 8 11.036317
30 9 11.076819
30 10 11.088962
30 11 11.071479
30 12 11.023831
30 13 10.946323
30 14 10.840226
30 15 10.707868
30 16 10.552687
30 17 10.379205
30 18 10.192905
30 19 10.000000
30 20 10.000000
30 21 10.297878
30 22 10.587122
30 23 10.859489
30 24 11.107453
30 25 11.324440
30 26 11.504956
30 27 11.644632
30 28 11.740203
30 29 11.789465
30 30 11.791239
30 31 11.745348
30 32 11.652632
30 33 11.514993
30 34 11.335463
30 35 11.118280
30 36 10.868923
30 37 10.594095
30 38 10.301581
30 39 10.000000
30 40 10.000000
30 41 10.464600
30 42 10.914860
30 43 11.337109
30 44 11.718935
30 45 12.049618
30 46 12.320413
30 47 12.524685
30 48 12.657931
30 49 12.717734
30 50 12.703670
30 51 12.617191
30 52 12.461496
30 53 12.241393
30 54 11.963154
30 55 11.634347
30 56 11.263669
30 57 10.860742
30 58 10.435910
30 59 10.000000

31 0 10.000000
31 1 10.140064
31 2 10.276847
31 3 10.407111
31 4 10.527711
31 5 10.635640
31 6 10.728082
31 7 10.802470
31 8 10.856549
31 9 10.888445
31 10 10.896742
31 11 10.880566
31 12 10.839668
31 13 10.774506
31 14 10.686318
31 15 10.577166
31 16 10.449949
31 17 10.308353
31 18 10.156746
31 19 10.000000
31 20 10.000000
31 21 10.244829
31 22 10.482713
31 23 10.706978
31 24 10.911462
31 25 11.090696
31 26 11.240031
31 27 11.355702
31 28 11.434859
31 29 11.475561
31 30 11.476779
31 31 11.438387
31 32 11.361179
31 33 11.246886
31 34 11.098205
31 35 10.918815
31 36 10.713368
31 37 10.487424
31 38 10.247327
31 39 10.000000
31 40 10.000000
31 41 10.379955
31 42 10.748484
31 43 11.094639
31 44 11.408377
31 45 11.680904
31 46 11.904918
31 47 12.074760
31 48 12.186474
31 49 12.237813
31 50 12.228193
31 51 12.158624
31 52 12.031606
31 53 11.851028
31 54 11.622034
31 55 11.350885
31 56 11.044805
31 57 10.711812
31 58 10.360530
31 59 10.000000

32 0 10.000000
32 1 10.116381
32 2 10.229968
32 3 10.338008
32 4 10.437838
32 5 10.526928
32 6 10.602928
32 7 10.663723
32 8 10.707485
32 9 10.732734
32 10 10.738397
32 11 10.723871
32 12 10.689088
32 13 10.634559
32 14 10.561425
32 15 10.471470
32 16 10.367113
32 17 10.251357
32 18 10.127701
32 19 10.000000
32 20 10.000000
32 21 10.201392
32 22 10.397152
32 23 10.581847
32 24 10.750420
32 25 10.898337
32 26 11.021698
32 27 11.117312
32 28 11.182738
32 29 11.216308
32 30 11.217141
32 31 11.185152
32 32 11.121055
32 33 11.026375
32 34 10.903449
32 35 10.755416
32 36 10.586181
32 37 10.400342
32 38 10.203082
32 39 10.000000
32 40 10.000000
32 41 10.311123
32 42 10.613076
32 43 10.897038
32 44 11.154860
32 45 11.379336
32 46 11.564404
32 47 11.705289
32 48 11.798581
32 49 11.842262
32 50 11.835692
32 51 11.779568
32 52 11.675849
32 53 11.527676
32 54 11.339260
32 55 11.115770
32 56 10.863193
32 57 10.588193
32 58 10.297951
32 59 10.000000

33 0 10.000000
33 1 10.096566
33 2 10.190765
33 3 10.280268
33 4 10.362832
33 5 10.436333
33 6 10.498820
33 7 10.548550
33 8 10.584045
33 9 10.604131
33 10 10.607992
33 11 10.595216
33 12 10.565836
33 13 10.520363
33 14 10.459813
33 15 10.385707
33 16 10.300052
33 17 10.205297
33 18 10.104254
33 19 10.000000
33 20 10.000000
33 21 10.165748
33 22 10.326906
33 23 10.479031
33 24 10.617967
33 25 10.739964
33 26 10.841770
33 27 10.920705
33 28 10.974707
33 29 11.002364
33 30 11.002934
33 31 10.976357
33 32 10.923260
33 33 10.844958
33 34 10.743444
33 35 10.621363
33 36 10.481973
33 37 10.329070
33 38 10.166894
33 39 10.000000
33 40 10.000000
33 41 10.254984
33 42 10.502568
33 43 10.735615
33 44 10.947498
33 45 11.132311
33 46 11.285041
33 47 11.401690
33 48 11.479354
33 49 11.516262
33 50 11.511780
33 51 11.466386
33 52 11.381621
33 53 11.260021
33 54 11.105033
33 55 10.920912
33 56 10.712615
33 57 10.485669
33 58 10.246042
33 59 10.000000

34 0 10.000000
34 1 10.080029
34 2 10.158060
34 3 10.232135
34 4 10.300367
34 5 10.360984
34 6 10.412366
34 7 10.453082
34 8 10.481931
34 9 10.497984
34 10 10.500616
34 11 10.489543
34 12 10.464856
34 13 10.427035
34 14 10.376965
34 15 10.315929
34 16 10.245587
34 17 10.167938
34 18 10.085253
34 19 10.000000
34 20 10.000000
34 21 10.136459
34 22 10.269163
34 23 10.394469
34 24 10.508959
34 25 10.609535
34 26 10.693497
34 27 10.758608
34 28 10.803141
34 29 10.825911
34 30 10.826300
34 31 10.804266
34 32 10.760350
34 33 10.695670
34 34 10.611904
34 35 10.511269
34 36 10.396468
34 37 10.270632
34 38 10.137237
34 39 10.000000
34 40 10.000000
34 41 10.209088
34 42 10.412181
34 43 10.603486
34 44 10.777602
34 45 10.929692
34 46 11.055618
34 47 11.152049
34 48 11.216536
34 49 11.247549
34 50 11.244494
34 51 11.207698
34 52 11.138376
34 53 11.038580
34 54 10.911126
34 55 10.759518
34 56 10.587849
34 57 10.400697
34 58 10.203014
34 59 10.000000

35 0 10.000000
35 1 10.066256
35 2 10.130833
35 3 10.192088
35 4 10.248442
35 5 10.298418
35 6 10.340675
35 7 10.374037
35 8 10.397530
35 9 10.410413
35 10 10.412206
35 11 10.402715
35 12 10.382055
35 13 10.350662
35 14 10.309294
35 15 10.259029
35 16 10.201237
35 17 10.137550
35 18 10.069808
35 19 10.000000
35 20 10.000000
35 21 10.112369
35 22 10.221658
35 23 10.324876
35 24 10.419210
35 25 10.502102
35 26 10.571316
35 27 10.624994
35 28 10.661696
35 29 10.680436
35 30 10.680701
35 31 10.662463
35 32 10.626181
35 33 10.572796
35 34 10.503715
35 35 10.420781
35 36 10.326235
35 37 10.222656
35 38 10.112897
35 39 10.000000
35 40 10.000000
35 41 10.171490
35 42 10.338110
35 43 10.495146
35 44 10.638193
35 45 10.763287
35 46 10.867018
35 47 10.946623
35 48 11.000048
35 49 11.025989
35 50 11.023907
35 51 10.994027
35 52 10.937311
35 53 10.855417
35 54 10.750651
35 55 10.625891
35 56 10.484513
35 57 10.330303
35 58 10.167361
35 59 10.000000

36 0 10.000000
36 1 10.054805
36 2 10.108205
36 3 10.158823
36 4 10.205343
36 5 10.246537
36 6 10.281295
36 7 10.308651
36 8 10.327815
36 9 10.338193
36 10 10.339413
36 11 10.331345
36 12 10.314110
36 13 10.288093
36 14 10.253939
36 15 10.212547
36 16 10.165047
36 17 10.112773
36 18 10.057221
36 19 10.000000
36 20 10.000000
36 21 10.092543
36 22 10.182556
36 23 10.267579
36 24 10.345298
36 25 10.413601
36 26 10.470640
36 27 10.514874
36 28 10.545111
36 29 10.560532
36 30 10.560713
36 31 10.545634
36 32 10.515683
36 33 10.471647
36 34 10.414698
36 35 10.346367
36 36 10.268503
36 37 10.183234
36 38 10.092902
36 39 10.000000
36 40 10.000000
36 41 10.140634
36 42 10.277304
36 43 10.406169
36 44 10.523633
36 45 10.626449
36 46 10.711810
36 47 10.777432
36 48 10.821601
36 49 10.843214
36 50 10.841797
36 51 10.817501
36 52 10.771091
36 53 10.703913
36 54 10.617849
36 55 10.515263
36 56 10.398936
36 57 10.271994
36 58 10.137826
36 59 10.000000

37 0 10.000000
37 1 10.045300
37 2 10.089426
37 3 10.131230
37 4 10.169616
37 5 10.203565
37 6 10.232158
37 7 10.254604
37 8 10.270259
37 9 10.278647
37 10 10.279478
37 11 10.272663
37 12 10.258320
37 13 10.236785
37 14 10.208602
37 15 10.174518
37 16 10.135465
37 17 10.092534
37 18 10.046943
37 19 10.000000
37 20 10.000000
37 21 10.076220
37 22 10.150358
37 23 10.220393
37 24 10.284417
37 25 10.340690
37 26 10.387685
37 27 10.424128
37 28 10.449033
37 29 10.461722
37 30 10.461845
37 31 10.449389
37 32 10.424679
37 33 10.388371
37 34 10.341437
37 35 10.285144
37 36 10.221022
37 37 10.150819
37 38 10.076463
37 39 10.000000
37 40 10.000000
37 41 10.115264
37 42 10.227298
37 43 10.332973
37 44 10.429348
37 45 10.513767
37 46 10.583925
37 47 10.637934
37 48 10.674374
37 49 10.692316
37 50 10.691351
37 51 10.671582
37 52 10.633618
37 53 10.578549
37 54 10.507915
37 55 10.423653
37 56 10.328052
37 57 10.223687
37 58 10.113355
37 59 10.000000

38 0 10.000000
38 1 10.037420
38 2 10.073861
38 3 10.108369
38 4 10.140032
38 5 10.168004
38 6 10.191530
38 7 10.209957
38 8 10.222761
38 9 10.229560
38 10 10.230126
38 11 10.224398
38 12 10.212487
38 13 10.194679
38 14 10.171433
38 15 10.143367
38 16 10.111250
38 17 10.075976
38 18 10.038538
38 19 10.000000
38 20 10.000000
38 21 10.062776
38 22 10.123840
38 23 10.181527
38 24 10.234265
38 25 10.280621
38 26 10.319334
38 27 10.349353
38 28 10.369863
38 29 10.380303
38 30 10.380387
38 31 10.370105
38 32 10.349728
38 33 10.319801
38 34 10.281129
38 35 10.234760
38 36 10.181954
38 37 10.124154
38 38 10.062942
38 39 10.000000
38 40 10.000000
38 41 10.094364
38 42 10.186097
38 43 10.272646
38 44 10.351613
38 45 10.420824
38 46 10.478389
38 47 10.522755
38 48 10.552746
38 49 10.567589
38 50 10.566932
38 51 10.550846
38 52 10.519817
38 53 10.474731
38 54 10.416842
38 55 10.347738
38 56 10.269299
38 57 10.183640
38 58 10.093065
38 59 10.000000

39 0 10.000000
39 1 10.030893
39 2 10.060973
39 3 10.089446
39 4 10.115554
39 5 10.138600
39 6 10.157957
39 7 10.173092
39 8 10.183576
39 9 10.189101
39 10 10.189486
39 11 10.184690
39 12 10.174814
39 13 10.160101
39 14 10.140933
39 15 10.117824
39 16 10.091406
39 17 10.062412
39 18 10.031654
39 19 10.000000
39 20 10.000000
39 21 10.051703
39 22 10.101996
39 23 10.149509
39 24 10.192948
39 25 10.231130
39 26 10.263017
39 27 10.287740
39 28 10.304628
39 29 10.313219
39 30 10.313276
39 31 10.304793
39 32 10.287996
39 33 10.263334
39 34 10.231476
39 35 10.193285
39 36 10.149800
39 37 10.102209
39 38 10.051816
39 39 10.000000
39 40 10.000000
39 41 10.077105
39 42 10.152069
39 43 10.222813
39 44 10.287382
39 45 10.344000
39 46 10.391121
39 47 10.427473
39 48 10.452084
39 49 10.464316
39 50 10.463868
39 51 10.450791
39 52 10.425473
39 53 10.388632
39 54 10.341290
39 55 10.284746
39 56 10.220536
39 57 10.150399
39 58 10.076222
39 59 10.000000

40 0 10.000000
40 1 10.025493
40 2 10.050310
40 3 10.073794
40 4 10.095316
40 5 10.114300
40 6 10.130229
40 7 10.142664
40 8 10.151256
40 9 10.155754
40 10 10.156016
40 11 10.152014
40 12 10.143836
40 13 10.131688
40 14 10.115888
40 15 10.096861
40 16 10.075128
40 17 10.051289
40 18 10.026010
40 19 10.000000
40 20 10.000000
40 21 10.042580
40 22 10.084000
40 23 10.123131
40 24 10.158906
40 25 10.190352
40 26 10.216613
40 27 10.236973
40 28 10.250877
40 29 10.257947
40 30 10.257985
40 31 10.250990
40 32 10.237147
40 33 10.216829
40 34 10.190588
40 35 10.159135
40 36 10.123329
40 37 10.084145
40 38 10.042657
40 39 10.000000
40 40 10.000000
40 41 10.062811
40 42 10.123883
40 43 10.181527
40 44 10.234155
40 45 10.280319
40 46 10.318761
40 47 10.348439
40 48 10.368558
40 49 10.378590
40 50 10.378286
40 51 10.367678
40 52 10.347079
40 53 10.317068
40 54 10.278476
40 55 10.232362
40 56 10.179979
40 57 10.122747
40 58 10.062210
40 59 10.000000

41 0 10.000000
41 1 10.021027
41 2 10.041494
41 3 10.060856
41 4 10.078593
41 5 10.094228
41 6 10.107336
41 7 10.117556
41 8 10.124602
41 9 10.128271
41 10 10.128449
41 11 10.125118
41 12 10.118353
41 13 10.108329
41 14 10.095308
41 15 10.079644
41 16 10.061763
41 17 10.042160
41 18 10.021379
41 19 10.000000
41 20 10.000000
41 21 10.035064
41 22 10.069173
41 23 10.101396
41 24 10.130857
41 25 10.156752
41 26 10.178376
41 27 10.195141
41 28 10.206588
41 29 10.212404
41 30 10.212431
41 31 10.206664
41 32 10.195259
41 33 10.178524
41 34 10.156912
41 35 10.131013
41 36 10.101531
41 37 10.069271
41 38 10.035116
41 39 10.000000
41 40 10.000000
41 41 10.050924
41 42 10.100441
41 43 10.147186
41 44 10.189872
41 45 10.227328
41 46 10.258531
41 47 10.282635
41 48 10.298992
41 49 10.307171
41 50 10.306964
41 51 10.298394
41 52 10.281710
41 53 10.257380
41 54 10.226075
41 55 10.188653
41 56 10.146134
41 57 10.099669
41 58 10.050516
41 59 10.000000

42 0 10.000000
42 1 10.017336
42 2 10.034209
42 3 10.050166
42 4 10.064779
42 5 10.077654
42 6 10.088440
42 7 10.096841
42 8 10.102622
42 9 10.105619
42 10 10.105740
42 11 10.102973
42 12 10.097383
42 13 10.089115
42 14 10.078389
42 15 10.065494
42 16 10.050783
42 17 10.034662
42 18 10.017576
42 19 10.000000
42 20 10.000000
42 21 10.028870
42 22 10.056954
42 23 10.083486
42 24 10.107742
42 25 10.129063
42 26 10.146867
42 27 10.160668
42 28 10.170090
42 29 10.174876
42 30 10.174894
42 31 10.170142
42 32 10.160748
42 33 10.146967
42 34 10.129172
42 35 10.107848
42 36 10.083577
42 37 10.057021
42 38 10.028906
42 39 10.000000
42 40 10.000000
42 41 10.040983
42 42 10.080837
42 43 10.118463
42 44 10.152828
42 45 10.182990
42 46 10.208126
42 47 10.227552
42 48 10.240747
42 49 10.247358
42 50 10.247218
42 51 10.240341
42 52 10.226925
42 53 10.207344
42 54 10.182140
42 55 10.152001
42 56 10.117749
42 57 10.080312
42 58 10.040706
42 59 10.000000

43 0 10.000000
43 1 10.014286
43 2 10.028190
43 3 10.041336
43 4 10.053372
43 5 10.063971
43 6 10.072845
43 7 10.079751
43 8 10.084496
43 9 10.086947
43 10 10.087030
43 11 10.084735
43 12 10.080120
43 13 10.073305
43 14 10.064471
43 15 10.053858
43 16 10.041756
43 17 10.028498
43 18 10.014449
43 19 10.000000
43 20 10.000000
43 21 10.023766
43 22 10.046884
43 23 10.068724
43 24 10.088691
43 25 10.106241
43 26 10.120896
43 27 10.132256
43 28 10.140010
43 29 10.143948
43 30 10.143960
43 31 10.140046
43 32 10.132311
43 33 10.120964
43 34 10.106316
43 35 10.088763
43 36 10.068786
43 37 10.046929
43 38 10.023790
43 39 10.000000
43 40 10.000000
43 41 10.032606
43 42 10.064314
43 43 10.094254
43 44 10.121602
43 45 10.145610
43 46 10.165623
43 47 10.181096
43 48 10.191612
43 49 10.196891
43 50 10.196796
43 51 10.191338
43 52 10.180671
43 53 10.165094
43 54 10.145034
43 55 10.121042
43 56 10.093770
43 57 10.063960
43 58 10.032418
43 59 10.000000

44 0 10.000000
44 1 10.011767
44 2 10.023218
44 3 10.034044
44 4 10.043952
44 5 10.052675
44 6 10.059975
44 7 10.065651
44 8 10.069547
44 9 10.071552
44 10 10.071609
44 11 10.069709
44 12 10.065902
44 13 10.060287
44 14 10.053015
44 15 10.044283
44 16 10.034330
44 17 10.023428
44 18 10.011878
44 19 10.000000
44 20 10.000000
44 21 10.019557
44 22 10.038582
44 23 10.056554
44 24 10.072986
44 25 10.087428
44 26 10.099487
44 27 10.108834
44 28 10.115214
44 29 10.118452
44 30 10.118461
44 31 10.115238
44 32 10.108871
44 33 10.099533
44 34 10.087478
44 35 10.073035
44 36 10.056597
44 37 10.038613
44 38 10.019574
44 39 10.000000
44 40 10.000000
44 41 10.025470
44 42 10.050241
44 43 10.073631
44 44 10.094999
44 45 10.113760
44 46 10.129402
44 47 10.141500
44 48 10.149727
44 49 10.153862
44 50 10.153799
44 51 10.149542
44 52 10.141215
44 53 10.129047
44 54 10.113373
44 55 10.094622
44 56 10.073305
44 57 10.050002
44 58 10.025344
44 59 10.000000

45 0 10.000000
45 1 10.009686
45 2 10.019111
45 3 10.028021
45 4 10.036174
45 5 10.043349
45 6 10.049351
45 7 10.054016
45 8 10.057214
45 9 10.058856
45 10 10.058894
45 11 10.057324
45 12 10.054187
45 13 10.049564
45 14 10.043581
45 15 10.036399
45 16 10.028215
45 17 10.019254
45 18 10.009762
45 19 10.000000
45 20 10.000000
45 21 10.016087
45 22 10.031735
45 23 10.046518
45 24 10.060033
45 25 10.071912
45 26 10.081831
45 27 10.089518
45 28 10.094765
45 29 10.097428
45 30 10.097433
45 31 10.094781
45 32 10.089543
45 33 10.081862
45 34 10.071946
45 35 10.060067
45 36 10.046547
45 37 10.031756
45 38 10.016098
45 39 10.000000
45 40 10.000000
45 41 10.019304
45 42 10.038078
45 43 10.055806
45 44 10.072004
45 45 10.086227
45 46 10.098087
45 47 10.107263
45 48 10.113505
45 49 10.116646
45 50 10.116603
45 51 10.113382
45 52 10.107073
45 53 10.097851
45 54 10.085970
45 55 10.071754
45 56 10.055591
45 57 10.037919
45 58 10.019220
45 59 10.000000

46 0 10.000000
46 1 10.007967
46 2 10.015718
46 3 10.023045
46 4 10.029749
46 5 10.035647
46 6 10.040579
46 7 10.044410
46 8 10.047034
46 9 10.048379
46 10 10.048405
46 11 10.047110
46 12 10.044526
46 13 10.040724
46 14 10.035804
46 15 10.029902
46 16 10.023178
46 17 10.015816
46 18 10.008018
46 19 10.000000
46 20 10.000000
46 21 10.013223
46 22 10.026085
46 23 10.038237
46 24 10.049346
46 25 10.059110
46 26 10.067262
46 27 10.073581
46 28 10.077893
46 29 10.080081
46 30 10.080085
46 31 10.077904
46 32 10.073598
46 33 10.067284
46 34 10.059133
46 35 10.049369
46 36 10.038257
46 37 10.026100
46 38 10.013231
46 39 10.000000
46 40 10.000000
46 41 10.013871
46 42 10.027361
46 43 10.040101
46 44 10.051741
46 45 10.061964
46 46 10.070489
46 47 10.077085
46 48 10.081574
46 49 10.083835
46 50 10.083808
46 51 10.081495
46 52 10.076964
46 53 10.070337
46 54 10.061799
46 55 10.051581
46 56 10.039963
46 57 10.027260
46 58 10.013817
46 59 10.000000

47 0 10.000000
47 1 10.006545
47 2 10.012914
47 3 10.018932
47 4 10.024438
47 5 10.029281
47 6 10.033330
47 7 10.036474
47 8 10.038626
47 9 10.039727
47 10 10.039745
47 11 10.038678
47 12 10.036553
47 13 10.033429
47 14 10.029389
47 15 10.024542
47 16 10.019022
47 17 10.012980
47 18 10.006580
47 19 10.000000
47 20 10.000000
47 21 10.010858
47 22 10.021420
47 23 10.031398
47 24 10.040521
47 25 10.048538
47 26 10.055232
47 27 10.060420
47 28 10.063960
47 29 10.065757
47 30 10.065759
47 31 10.063968
47 32 10.060432
47 33 10.055247
47 34 10.048554
47 35 10.040536
47 36 10.031412
47 37 10.021430
47 38 10.010863
47 39 10.000000
47 40 10.000000
47 41 10.008965
47 42 10.017684
47 43 10.025918
47 44 10.033442
47 45 10.040049
47 46 10.045560
47 47 10.049825
47 48 10.052728
47 49 10.054191
47 50 10.054174
47 51 10.052681
47 52 10.049753
47 53 10.045470
47 54 10.039951
47 55 10.033346
47 56 10.025836
47 57 10.017623
47 58 10.008933
47 59 10.000000

48 0 10.000000
48 1 10.005369
48 2 10.010593
48 3 10.015529
48 4 10.020044
48 5 10.024016
48 6 10.027335
48 7 10.029911
48 8 10.031674
48 9 10.032574
48 10 10.032586
48 11 10.031709
48 12 10.029965
48 13 10.027402
48 14 10.024089
48 15 10.020115
48 16 10.015590
48 17 10.010638
48 18 10.005393
48 19 10.000000
48 20 10.000000
48 21 10.008903
48 22 10.017563
48 23 10.025745
48 24 10.033224
48 25 10.039798
48 26 10.045286
48 27 10.049540
48 28 10.052443
48 29 10.053915
48 30 10.053917
48 31 10.052448
48 32 10.049548
48 33 10.045296
48 34 10.039809
48 35 10.033235
48 36 10.025754
48 37 10.017570
48 38 10.008907
48 39 10.000000
48 40 10.000000
48 41 10.004399
48 42 10.008677
48 43 10.012718
48 44 10.016410
48 45 10.019652
48 46 10.022357
48 47 10.024450
48 48 10.025875
48 49 10.026593
48 50 10.026586
48 51 10.025853
48 52 10.024416
48 53 10.022315
48 54 10.019607
48 55 10.016365
48 56 10.012680
48 57 10.008649
48 58 10.004384
48 59 10.000000

49 0 10.000000
49 1 10.004394
49 2 10.008669
49 3 10.012709
49 4 10.016403
49 5 10.019652
49 6 10.022368
49 7 10.024474
49 8 10.025915
49 9 10.026650
49 10 10.026658
49 11 10.025939
49 12 10.024511
49 13 10.022413
49 14 10.019702
49 15 10.016452
49 16 10.012750
49 17 10.008700
49 18 10.004410
49 19 10.000000
49 20 10.000000
49 21 10.007284
49 22 10.014369
49 23 10.021063
49 24 10.027182
49 25 10.032560
49 26 10.037050
49 27 10.040530
49 28 10.042904
49 29 10.044108
49 30 10.044110
49 31 10.042908
49 32 10.040535
49 33 10.037057
49 34 10.032567
49 35 10.027189
49 36 10.021069
49 37 10.014374
49 38 10.007286
49 39 10.000000
49 40 10.000000
49 41 10.000000
49 42 10.000000
49 43 10.000000
49 44 10.000000
49 45 10.000000
49 46 10.000000
49 47 10.000000
49 48 10.000000
49 49 10.000000
49 50 10.000000
49 51 10.000000
49 52 10.000000
49 53 10.000000
49 54 10.000000
49 55 10.000000
49 56 10.000000
49 57 10.000000
49 58 10.000000
49 59 10.000000

50 0 10.000000
50 1 10.003584
50 2 10.007071
50 3 10.010366
50 4 10.013379
50 5 10.016028
50 6 10.018242
50 7 10.019959
50 8 10.021133
50 9 10.021732
50 10 10.021737
50 11 10.021150
50 12 10.019984
50 13 10.018273
50 14 10.016062
50 15 10.013412
50 16 10.010394
50 17 10.007092
50 18 10.003595
50 19 10.000000
50 20 10.000000
50 21 10.005940
50 22 10.011717
50 23 10.017175
50 24 10.022165
50 25 10.026551
50 26 10.030212
50 27 10.033049
50 28 10.034985
50 29 10.035967
50 30 10.035968
50 31 10.034988
50 32 10.033053
50 33 10.030217
50 34 10.026556
50 35 10.022170
50 36 10.017180
50 37 10.011720
50 38 10.005941
50 39 10.000000
50 40 0.000000
50 41 0.000000
50 42 0.000000
50 43 0.000000
50 44 0.000000
50 45 0.000000
50 46 0.000000
50 47 0.000000
50 48 0.000000
50 49 0.000000
50 50 0.000000
50 51 0.000000
50 52 0.000000
50 53 0.000000
50 54 0.000000
50 55 0.000000
50 56 0.000000
50 57 0.000000
50 58 0.000000
50 59 0.000000

51 0 10.000000
51 1 10.002909
51 2 10.005739
51 3 10.008413
51 4 10.010858
51 5 10.013008
51 6 10.014804
51 7 10.016197
51 8 10.017149
51 9 10.017633
51 10 10.017637
51 11 10.017160
51 12 10.016214
51 13 10.014825
51 14 10.013031
51 15 10.010880
51 16 10.008432
51 17 10.005753
51 18 10.002916
51 19 10.000000
51 20 10.000000
51 21 10.004819
51 22 10.009508
51 23 10.013936
51 24 10.017985
51 25 10.021543
51 26 10.024514
51 27 10.026816
51 28 10.028387
51 29 10.029184
51 30 10.029184
51 31 10.028389
51 32 10.026819
51 33 10.024517
51 34 10.021547
51 35 10.017988
51 36 10.013939
51 37 10.009510
51 38 10.004821
51 39 10.000000
51 40 0.000000
51 41 0.000000
51 42 0.000000
51 43 0.000000
51 44 0.000000
51 45 0.000000
51 46 0.000000
51 47 0.000000
51 48 0.000000
51 49 0.000000
51 50 0.000000
51 51 0.000000
51 52 0.000000
51 53 0.000000
51 54 0.000000
51 55 0.000000
51 56 0.000000
51 57 0.000000
51 58 0.000000
51 59 0.000000

52 0 10.000000
52 1 10.002343
52 2 10.004622
52 3 10.006776
52 4 10.008745
52 5 10.010477
52 6 10.011923
52 7 10.013045
52 8 10.013811
52 9 10.014201
52 10 10.014203
52 11 10.013818
52 12 10.013056
52 13 10.011937
52 14 10.010492
52 15 10.008761
52 16 10.006789
52 17 10.004632
52 18 10.002348
52 19 10.000000
52 20 10.000000
52 21 10.003881
52 22 10.007657
52 23 10.011223
52 24 10.014484
52 25 10.017349
52 26 10.019742
52 27 10.021596
52 28 10.022861
52 29 10.023502
52 30 10.023503
52 31 10.022862
52 32 10.021598
52 33 10.019744
52 34 10.017352
52 35 10.014486
52 36 10.011225
52 37 10.007658
52 38 10.003882
52 39 10.000000
52 40 0.000000
52 41 0.000000
52 42 0.000000
52 43 0.000000
52 44 0.000000
52 45 0.000000
52 46 0.000000
52 47 0.000000
52 48 0.000000
52 49 0.000000
52 50 0.000000
52 51 0.000000
52 52 0.000000
52 53 0.000000
52 54 0.000000
52 55 0.000000
52 56 0.000000
52 57 0.000000
52 58 0.000000
52 59 0.000000

53 0 10.000000
53 1 10.001865
53 2 10.003680
53 3 10.005395
53 4 10.006962
53 5 10.008340
53 6 10.009492
53 7 10.010384
53 8 10.010994
53 9 10.011304
53 10 10.011306
53 11 10.010999
53 12 10.010392
53 13 10.009501
53 14 10.008351
53 15 10.006973
53 16 10.005403
53 17 10.003687
53 18 10.001869
53 19 10.000000
53 20 10.000000
53 21 10.003090
53 22 10.006095
53 23 10.008934
53 24 10.011529
53 25 10.013810
53 26 10.015715
53 27 10.017191
53 28 10.018197
53 29 10.018708
53 30 10.018708
53 31 10.018198
53 32 10.017192
53 33 10.015716
53 34 10.013812
53 35 10.011531
53 36 10.008935
53 37 10.006096
53 38 10.003090
53 39 10.000000
53 40 0.000000
53 41 0.000000
53 42 0.000000
53 43 0.000000
53 44 0.000000
53 45 0.000000
53 46 0.000000
53 47 0.000000
53 48 0.000000
53 49 0.000000
53 50 0.000000
53 51 0.000000
53 52 0.000000
53 53 0.000000
53 54 0.000000
53 55 0.000000
53 56 0.000000
53 57 0.000000
53 58 0.000000
53 59 0.000000

54 0 10.000000
54 1 10.001458
54 2 10.002876
54 3 10.004216
54 4 10.005441
54 5 10.006519
54 6 10.007418
54 7 10.008116
54 8 10.008592
54 9 10.008834
54 10 10.008835
54 11 10.008595
54 12 10.008121
54 13 10.007425
54 14 10.006526
54 15 10.005448
54 16 10.004222
54 17 10.002881
54 18 10.001460
54 19 10.000000
54 20 10.000000
54 21 10.002414
54 22 10.004763
54 23 10.006982
54 24 10.009010
54 25 10.010793
54 26 10.012281
54 27 10.013434
54 28 10.014221
54 29 10.014620
54 30 10.014620
54 31 10.014222
54 32 10.013435
54 33 10.012282
54 34 10.010794
54 35 10.009011
54 36 10.006983
54 37 10.004764
54 38 10.002415
54 39 10.000000
54 40 0.000000
54 41 0.000000
54 42 0.000000
54 43 0.000000
54 44 0.000000
54 45 0.000000
54 46 0.000000
54 47 0.000000
54 48 0.000000
54 49 0.000000
54 50 0.000000
54 51 0.000000
54 52 0.000000
54 53 0.000000
54 54 0.000000
54 55 0.000000
54 56 0.000000
54 57 0.000000
54 58 0.000000
54 59 0.000000

55 0 10.000000
55 1 10.001105
55 2 10.002181
55 3 10.003197
55 4 10.004126
55 5 10.004942
55 6 10.005624
55 7 10.006153
55 8 10.006514
55 9 10.006697
55 10 10.006698
55 11 10.006516
55 12 10.006156
55 13 10.005629
55 14 10.004947
55 15 10.004130
55 16 10.003201
55 17 10.002184
55 18 10.001107
55 19 10.000000
55 20 10.000000
55 21 10.001831
55 22 10.003611
55 23 10.005293
55 24 10.006831
55 25 10.008182
55 26 10.009311
55 27 10.010185
55 28 10.010781
55 29 10.011084
55 30 10.011084
55 31 10.010782
55 32 10.010185
55 33 10.009311
55 34 10.008183
55 35 10.006832
55 36 10.005294
55 37 10.003612
55 38 10.001831
55 39 10.000000
55 40 0.000000
55 41 0.000000
55 42 0.000000
55 43 0.000000
55 44 0.000000
55 45 0.000000
55 46 0.000000
55 47 0.000000
55 48 0.000000
55 49 0.000000
55 50 0.000000
55 51 0.000000
55 52 0.000000
55 53 0.000000
55 54 0.000000
55 55 0.000000
55 56 0.000000
55 57 0.000000
55 58 0.000000
55 59 0.000000

56 0 10.000000
56 1 10.000795
56 2 10.001567
56 3 10.002298
56 4 10.002965
56 5 10.003552
56 6 10.004042
56 7 10.004422
56 8 10.004682
56 9 10.004814
56 10 10.004814
56 11 10.004683
56 12 10.004425
56 13 10.004045
56 14 10.003555
56 15 10.002968
56 16 10.002300
56 17 10.001569
56 18 10.000796
56 19 10.000000
56 20 10.000000
56 21 10.001316
56 22 10.002595
56 23 10.003804
56 24 10.004910
56 25 10.005881
56 26 10.006692
56 27 10.007320
56 28 10.007749
56 29 10.007966
56 30 10.007966
56 31 10.007749
56 32 10.007321
56 33 10.006692
56 34 10.005881
56 35 10.004910
56 36 10.003805
56 37 10.002596
56 38 10.001316
56 39 10.000000
56 40 0.000000
56 41 0.000000
56 42 0.000000
56 43 0.000000
56 44 0.000000
56 45 0.000000
56 46 0.000000
56 47 0.000000
56 48 0.000000
56 49 0.000000
56 50 0.000000
56 51 0.000000
56 52 0.000000
56 53 0.000000
56 54 0.000000
56 55 0.000000
56 56 0.000000
56 57 0.000000
56 58 0.000000
56 59 0.000000

57 0 10.000000
57 1 10.000514
57 2 10.001013
57 3 10.001485
57 4 10.001917
57 5 10.002296
57 6 10.002613
57 7 10.002859
57 8 10.003026
57 9 10.003112
57 10 10.003112
57 11 10.003027
57 12 10.002860
57 13 10.002615
57 14 10.002298
57 15 10.001919
57 16 10.001487
57 17 10.001014
57 18 10.000514
57 19 10.000000
57 20 10.000000
57 21 10.000850
57 22 10.001678
57 23 10.002459
57 24 10.003174
57 25 10.003801
57 26 10.004326
57 27 10.004732
57 28 10.005009
57 29 10.005149
57 30 10.005150
57 31 10.005009
57 32 10.004732
57 33 10.004326
57 34 10.003802
57 35 10.003174
57 36 10.002459
57 37 10.001678
57 38 10.000851
57 39 10.000000
57 40 0.000000
57 41 0.000000
57 42 0.000000
57 43 0.000000
57 44 0.000000
57 45 0.000000
57 46 0.000000
57 47 0.000000
57 48 0.000000
57 49 0.000000
57 50 0.000000
57 51 0.000000
57 52 0.000000
57 53 0.000000
57 54 0.000000
57 55 0.000000
57 56 0.000000
57 57 0.000000
57 58 0.000000
57 59 0.000000

58 0 10.000000
58 1 10.000252
58 2 10.000497
58 3 10.000729
58 4 10.000941
58 5 10.001127
58 6 10.001282
58 7 10.001403
58 8 10.001485
58 9 10.001527
58 10 10.001527
58 11 10.001486
58 12 10.001404
58 13 10.001283
58 14 10.001128
58 15 10.000942
58 16 10.000730
58 17 10.000498
58 18 10.000252
58 19 10.000000
58 20 10.000000
58 21 10.000417
58 22 10.000823
58 23 10.001207
58 24 10.001557
58 25 10.001866
58 26 10.002123
58 27 10.002322
58 28 10.002458
58 29 10.002527
58 30 10.002527
58 31 10.002458
58 32 10.002322
58 33 10.002123
58 34 10.001866
58 35 10.001558
58 36 10.001207
58 37 10.000823
58 38 10.000417
58 39 10.000000
58 40 0.000000
58 41 0.000000
58 42 0.000000
58 43 0.000000
58 44 0.000000
58 45 0.000000
58 46 0.000000
58 47 0.000000
58 48 0.000000
58 49 0.000000
58 50 0.000000
58 51 0.000000
58 52 0.000000
58 53 0.000000
58 54 0.000000
58 55 0.000000
58 56 0.000000
58 57 0.000000
58 58 0.000000
58 59 0.000000

59 0 10.000000
59 1 10.000000
59 2 10.000000
59 3 10.000000
59 4 10.000000
59 5 10.000000
59 6 10.000000
59 7 10.000000
59 8 10.000000
59 9 10.000000
59 10 10.000000
59 11 10.000000
59 12 10.000000
59 13 10.000000
59 14 10.000000
59 15 10.000000
59 16 10.000000
59 17 10.000000
59 18 10.000000
59 19 10.000000
59 20 10.000000
59 21 10.000000
59 22 10.000000
59 23 10.000000
59 24 10.000000
59 25 10.000000
59 26 10.000000
59 27 10.000000
59 28 10.000000
59 29 10.000000
59 30 10.000000
59 31 10.000000
59 32 10.000000
59 33 10.000000
59 34 10.000000
59 35 10.000000
59 36 10.000000
59 37 10.000000
59 38 10.000000
59 39 10.000000
59 40 0.000000
59 41 0.000000
59 42 0.000000
59 43 0.000000
59 44 0.000000
59 45 0.000000
59 46 0.000000
59 47 0.000000
59 48 0.000000
59 49 0.000000
59 50 0.000000
59 51 0.000000
59 52 0.000000
59 53 0.000000
59 54 0.000000
59 55 0.000000
59 56 0.000000
59 57 0.000000
59 58 0.000000
59 59 0.000000

