0 0 100.000000
0 1 100.000000
0 2 100.000000
0 3 100.000000
0 4 100.000000
0 5 100.000000
0 6 100.000000
0 7 100.000000
0 8 100.000000
0 9 100.000000
0 10 100.000000
0 11 100.000000
0 12 100.000000
0 13 100.000000
0 14 100.000000
0 15 100.000000
0 16 100.000000
0 17 100.000000
0 18 100.000000
0 19 100.000000
0 20 100.000000
0 21 100.000000
0 22 100.000000
0 23 100.000000
0 24 100.000000
0 25 100.000000
0 26 100.000000
0 27 100.000000
0 28 100.000000
0 29 100.000000
0 30 100.000000
0 31 100.000000
0 32 100.000000
0 33 100.000000
0 34 100.000000
0 35 100.000000
0 36 100.000000
0 37 100.000000
0 38 100.000000
0 39 100.000000
0 40 100.000000
0 41 100.000000
0 42 100.000000
0 43 100.000000
0 44 100.000000
0 45 100.000000
0 46 100.000000
0 47 100.000000
0 48 100.000000
0 49 100.000000
0 50 100.000000
0 51 100.000000
0 52 100.000000
0 53 100.000000
0 54 100.000000
0 55 100.000000
0 56 100.000000
0 57 100.000000
0 58 100.000000
0 59 100.000000

1 0 10.000000
1 1 50.924511
1 2 68.906046
1 3 77.914005
1 4 82.993785
1 5 86.149741
1 6 88.261941
1 7 89.756344
1 8 90.858206
1 9 91.696113
1 10 92.348329
1 11 92.865086
1 12 93.280083
1 13 93.616782
1 14 93.892041
1 15 94.118307
1 16 94.304990
1 17 94.459348
1 18 94.587081
1 19 94.692727
1 20 94.779941
1 21 94.851691
1 22 94.910399
1 23 94.958039
1 24 94.996216
1 25 95.026222
1 26 95.049078
1 27 95.065565
1 28 95.076250
1 29 95.081502
1 30 95.081502
1 31 95.076250
1 32 95.065565
1 33 95.049078
1 34 95.026222
1 35 94.996216
1 36 94.958039
1 37 94.910399
1 38 94.851691
1 39 94.779941
1 40 94.692727
1 41 94.587081
1 42 94.459348
1 43 94.304990
1 44 94.118307
1 45 93.892041
1 46 93.616782
1 47 93.280083
1 48 92.865086
1 49 92.348329
1 50 91.696113
1 51 90.858206
1 52 89.756344
1 53 88.261941
1 54 86.149741
1 55 82.993785
1 56 77.914005
1 57 68.906046
1 58 50.924511
1 59 10.000000

2 0 10.000000
2 1 33.604008
2 2 50.232265
2 3 61.264934
2 4 68.650304
2 5 73.744129
2 6 77.378965
2 7 80.055997
2 8 82.081746
2 9 83.649239
2 10 84.884144
2 11 85.871016
2 12 86.668538
2 13 87.318603
2 14 87.851892
2 15 88.291401
2 16 88.654719
2 17 88.955548
2 18 89.204733
2 19 89.410965
2 20 89.581285
2 21 89.721436
2 22 89.836117
2 23 89.929174
2 24 90.003741
2 25 90.062341
2 26 90.106971
2 27 90.139161
2 28 90.160021
2 29 90.170273
2 30 90.170273
2 31 90.160021
2 32 90.139161
2 33 90.106971
2 34 90.062341
2 35 90.003741
2 36 89.929174
2 37 89.836117
2 38 89.721436
2 39 89.581285
2 40 89.410965
2 41 89.204733
2 42 88.955548
2 43 88.654719
2 44 88.291401
2 45 87.851892
2 46 87.318603
2 47 86.668538
2 48 85.871016
2 49 84.884144
2 50 83.649239
2 51 82.081746
2 52 80.055997
2 53 77.378965
2 54 73.744129
2 55 68.650304
2 56 61.264934
2 57 50.232265
2 58 33.604008
2 59 10.000000

3 0 10.000000
3 1 25.938522
3 2 39.303243
3 3 49.664029
3 4 57.478510
3 5 63.357877
3 6 67.821668
3 7 71.257082
3 8 73.939551
3 9 76.062696
3 10 77.763255
3 11 79.139022
3 12 80.261085
3 13 81.182049
3 14 81.941545
3 15 82.569950
3 16 83.090937
3 17 83.523230
3 18 83.881834
3 19 84.178908
3 20 84.424387
3 21 84.626432
3 22 84.791763
3 23 84.925903
3 24 85.033365
3 25 85.117796
3 26 85.182082
3 27 85.228439
3 28 85.258474
3 29 85.273234
3 30 85.273234
3 31 85.258474
3 32 85.228439
3 33 85.182082
3 34 85.117796
3 35 85.033365
3 36 84.925903
3 37 84.791763
3 38 84.626432
3 39 84.424387
3 40 84.178908
3 41 83.881834
3 42 83.523230
3 43 83.090937
3 44 82.569950
3 45 81.941545
3 46 81.182049
3 47 80.261085
3 48 79.139022
3 49 77.763255
3 50 76.062696
3 51 73.939551
3 52 71.257082
3 53 67.821668
3 54 63.357877
3 55 57.478510
3 56 49.664029
3 57 39.303243
3 58 25.938522
3 59 10.000000

4 0 10.000000
4 1 21.835393
4 2 32.531913
4 3 41.587424
4 4 48.985075
4 5 54.930901
4 6 59.687729
4 7 63.500305
4 8 66.571506
4 9 69.061046
4 10 71.091908
4 11 72.758174
4 12 74.131970
4 13 75.268983
4 14 76.212636
4 15 76.997174
4 16 77.649915
4 17 78.192902
4 18 78.644097
4 19 79.018263
4 20 79.327604
4 21 79.582243
4 22 79.790579
4 23 79.959555
4 24 80.094868
4 25 80.201132
4 26 80.282008
4 27 80.340307
4 28 80.378070
4 29 80.396624
4 30 80.396624
4 31 80.378070
4 32 80.340307
4 33 80.282008
4 34 80.201132
4 35 80.094868
4 36 79.959555
4 37 79.790579
4 38 79.582243
4 39 79.327604
4 40 79.018263
4 41 78.644097
4 42 78.192902
4 43 77.649915
4 44 76.997174
4 45 76.212636
4 46 75.268983
4 47 74.131970
4 48 72.758174
4 49 71.091908
4 50 69.061046
4 51 66.571506
4 52 63.500305
4 53 59.687729
4 54 54.930901
4 55 48.985075
4 56 41.587424
4 57 32.531913
4 58 21.835393
4 59 10.000000

5 0 10.000000
5 1 19.308559
5 2 28.031877
5 3 35.805433
5 4 42.501086
5 5 48.149595
5 6 52.860715
5 7 56.769652
5 8 60.008530
5 9 62.694244
5 10 64.925192
5 11 66.782130
5 12 68.330582
5 13 69.623542
5 14 70.703958
5 15 71.606815
5 16 72.360803
5 17 72.989621
5 18 73.512976
5 19 73.947341
5 20 74.306532
5 21 74.602142
5 22 74.843874
5 23 75.039801
5 24 75.196577
5 25 75.319607
5 26 75.413182
5 27 75.480599
5 28 75.524252
5 29 75.545694
5 30 75.545694
5 31 75.524252
5 32 75.480599
5 33 75.413182
5 34 75.319607
5 35 75.196577
5 36 75.039801
5 37 74.843874
5 38 74.602142
5 39 74.306532
5 40 73.947341
5 41 73.512976
5 42 72.989621
5 43 72.360803
5 44 71.606815
5 45 70.703958
5 46 69.623542
5 47 68.330582
5 48 66.782130
5 49 64.925192
5 50 62.694244
5 51 60.008530
5 52 56.769652
5 53 52.860715
5 54 48.149595
5 55 42.501086
5 56 35.805433
5 57 28.031877
5 58 19.308559
5 59 10.000000

6 0 10.000000
6 1 17.591747
6 2 24.846391
6 3 31.515350
6 4 37.466434
6 5 42.665711
6 6 47.143990
6 7 50.966416
6 8 54.211177
6 9 56.956876
6 10 59.276135
6 11 61.233057
6 12 62.882815
6 13 64.272279
6 14 65.441037
6 15 66.422504
6 16 67.244938
6 17 67.932311
6 18 68.505023
6 19 68.980466
6 20 69.373463
6 21 69.696614
6 22 69.960565
6 23 70.174233
6 24 70.344995
6 25 70.478849
6 26 70.580560
6 27 70.653785
6 28 70.701173
6 29 70.724443
6 30 70.724443
6 31 70.701173
6 32 70.653785
6 33 70.580560
6 34 70.478849
6 35 70.344995
6 36 70.174233
6 37 69.960565
6 38 69.696614
6 39 69.373463
6 40 68.980466
6 41 68.505023
6 42 67.932311
6 43 67.244938
6 44 66.422504
6 45 65.441037
6 46 64.272279
6 47 62.882815
6 48 61.233057
6 49 59.276135
6 50 56.956876
6 51 54.211177
6 52 50.966416
6 53 47.143990
6 54 42.665711
6 55 37.466434
6 56 31.515350
6 57 24.846391
6 58 17.591747
6 59 10.000000

7 0 10.000000
7 1 16.341512
7 2 22.471541
7 3 28.218866
7 4 33.472343
7 5 38.179749
7 6 42.335021
7 7 45.962716
7 8 49.104568
7 9 51.809738
7 10 54.128583
7 11 56.109122
7 12 57.795319
7 13 59.226490
7 14 60.437341
7 15 61.458307
7 16 62.316007
7 17 63.033700
7 18 63.631699
7 19 64.127702
7 20 64.537067
7 21 64.873023
7 22 65.146852
7 23 65.368052
7 24 65.544496
7 25 65.682578
7 26 65.787366
7 27 65.862733
7 28 65.911474
7 29 65.935400
7 30 65.935400
7 31 65.911474
7 32 65.862733
7 33 65.787366
7 34 65.682578
7 35 65.544496
7 36 65.368052
7 37 65.146852
7 38 64.873023
7 39 64.537067
7 40 64.127702
7 41 63.631699
7 42 63.033700
7 43 62.316007
7 44 61.458307
7 45 60.437341
7 46 59.226490
7 47 57.795319
7 48 56.109122
7 49 54.128583
7 50 51.809738
7 51 49.104568
7 52 45.962716
7 53 42.335021
7 54 38.179749
7 55 33.472343
7 56 28.218866
7 57 22.471541
7 58 16.341512
7 59 10.000000

8 0 10.000000
8 1 15.383987
8 2 20.626387
8 3 25.605909
8 4 30.234061
8 5 34.457985
8 6 38.256261
8 7 41.631464
8 8 44.602363
8 9 47.197304
8 10 49.449276
8 11 51.392583
8 12 53.060798
8 13 54.485642
8 14 55.696463
8 15 56.720086
8 16 57.580856
8 17 58.300757
8 18 58.899545
8 19 59.394854
8 20 59.802276
8 21 60.135420
8 22 60.405980
8 23 60.623819
8 24 60.797093
8 25 60.932390
8 26 61.034894
8 27 61.108532
8 28 61.156121
8 29 61.179473
8 30 61.179473
8 31 61.156121
8 32 61.108532
8 33 61.034894
8 34 60.932390
8 35 60.797093
8 36 60.623819
8 37 60.405980
8 38 60.135420
8 39 59.802276
8 40 59.394854
8 41 58.899545
8 42 58.300757
8 43 57.580856
8 44 56.720086
8 45 55.696463
8 46 54.485642
8 47 53.060798
8 48 51.392583
8 49 49.449276
8 50 47.197304
8 51 44.602363
8 52 41.631464
8 53 38.256261
8 54 34.457985
8 55 30.234061
8 56 25.605909
8 57 20.626387
8 58 15.383987
8 59 10.000000

9 0 10.000000
9 1 14.622429
9 2 19.145079
9 3 23.479276
9 4 27.555263
9 5 31.325354
9 6 34.763070
9 7 37.859802
9 8 40.620516
9 9 43.059569
9 10 45.197187
9 11 47.056792
9 12 48.663124
9 13 50.041020
9 14 51.214682
9 15 52.207267
9 16 53.040679
9 17 53.735445
9 18 54.310614
9 19 54.783649
9 20 55.170291
9 21 55.484440
9 22 55.738077
9 23 55.941268
9 24 56.102251
9 25 56.227592
9 26 56.322373
9 27 56.390387
9 28 56.434315
9 29 56.455865
9 30 56.455865
9 31 56.434315
9 32 56.390387
9 33 56.322373
9 34 56.227592
9 35 56.102251
9 36 55.941268
9 37 55.738077
9 38 55.484440
9 39 55.170291
9 40 54.783649
9 41 54.310614
9 42 53.735445
9 43 53.040679
9 44 52.207267
9 45 51.214682
9 46 50.041020
9 47 48.663124
9 48 47.056792
9 49 45.197187
9 50 43.059569
9 51 40.620516
9 52 37.859802
9 53 34.763070
9 54 31.325354
9 55 27.555263
9 56 23.479276
9 57 19.145079
9 58 14.622429
9 59 10.000000

10 0 10.000000
10 1 13.998976
10 2 17.924603
10 3 21.710027
10 4 25.299852
10 5 28.652757
10 6 31.741829
10 7 34.553217
10 8 37.083875
10 9 39.339043
10 10 41.329890
10 11 43.071553
10 12 44.581625
10 13 45.879076
10 14 46.983525
10 15 47.914757
10 16 48.692401
10 17 49.335663
10 18 49.863045
10 19 50.292018
10 20 50.638643
10 21 50.917214
10 22 51.139997
10 23 51.317137
10 24 51.456742
10 25 51.565092
10 26 51.646898
10 27 51.705578
10 28 51.743484
10 29 51.762085
10 30 51.762085
10 31 51.743484
10 32 51.705578
10 33 51.646898
10 34 51.565092
10 35 51.456742
10 36 51.317137
10 37 51.139997
10 38 50.917214
10 39 50.638643
10 40 50.292018
10 41 49.863045
10 42 49.335663
10 43 48.692401
10 44 47.914757
10 45 46.983525
10 46 45.879076
10 47 44.581625
10 48 43.071553
10 49 41.329890
10 50 39.339043
10 51 37.083875
10 52 34.553217
10 53 31.741829
10 54 28.652757
10 55 25.299852
10 56 21.710027
10 57 17.924603
10 58 13.998976
10 59 10.000000

11 0 10.000000
11 1 13.477045
11 2 16.898180
11 3 20.211503
11 4 23.372356
11 5 26.345327
11 6 29.104927
11 7 31.635185
11 8 33.928536
11 9 35.984358
11 10 37.807485
11 11 39.406855
11 12 40.794410
11 13 41.984264
11 14 42.992114
11 15 43.834824
11 16 44.530119
11 17 45.096268
11 18 45.551684
11 19 45.914363
11 20 46.201187
11 21 46.427203
11 22 46.605089
11 23 46.744955
11 24 46.854495
11 25 46.939329
11 26 47.003433
11 27 47.049522
11 28 47.079372
11 29 47.094049
11 30 47.094049
11 31 47.079372
11 32 47.049522
11 33 47.003433
11 34 46.939329
11 35 46.854495
11 36 46.744955
11 37 46.605089
11 38 46.427203
11 39 46.201187
11 40 45.914363
11 41 45.551684
11 42 45.096268
11 43 44.530119
11 44 43.834824
11 45 42.992114
11 46 41.984264
11 47 40.794410
11 48 39.406855
11 49 37.807485
11 50 35.984358
11 51 33.928536
11 52 31.635185
11 53 29.104927
11 54 26.345327
11 55 23.372356
11 56 20.211503
11 57 16.898180
11 58 13.477045
11 59 10.000000

12 0 10.000000
12 1 13.032497
12 2 16.020979
12 3 18.924010
12 4 21.704907
12 5 24.333221
12 6 26.785451
12 7 29.045055
12 8 31.101955
12 9 32.951744
12 10 34.594779
12 11 36.035325
12 12 37.280828
12 13 38.341363
12 14 39.229270
12 15 39.958928
12 16 40.546585
12 17 41.010138
12 18 41.368679
12 19 41.641698
12 20 41.847893
12 21 42.003810
12 22 42.122802
12 23 42.214750
12 24 42.286440
12 25 42.342260
12 26 42.384901
12 27 42.415941
12 28 42.436263
12 29 42.446326
12 30 42.446326
12 31 42.436263
12 32 42.415941
12 33 42.384901
12 34 42.342260
12 35 42.286440
12 36 42.214750
12 37 42.122802
12 38 42.003810
12 39 41.847893
12 40 41.641698
12 41 41.368679
12 42 41.010138
12 43 40.546585
12 44 39.958928
12 45 39.229270
12 46 38.341363
12 47 37.280828
12 48 36.035325
12 49 34.594779
12 50 32.951744
12 51 31.101955
12 52 29.045055
12 53 26.785451
12 54 24.333221
12 55 21.704907
12 56 18.924010
12 57 16.020979
12 58 13.032497
12 59 10.000000

13 0 10.000000
13 1 12.648869
13 2 15.262047
13 3 17.805561
13 4 20.248643
13 5 22.564830
13 6 24.732585
13 7 26.735482
13 8 28.562035
13 9 30.205294
13 10 31.662334
13 11 32.933753
13 12 34.023257
13 13 34.937392
13 14 35.685457
13 15 36.279570
13 16 36.734823
13 17 37.069352
13 18 37.304043
13 19 37.461524
13 20 37.564188
13 21 37.631524
13 22 37.677948
13 23 37.712580
13 24 37.740352
13 25 37.763432
13 26 37.782426
13 27 37.797194
13 28 37.807351
13 29 37.812533
13 30 37.812533
13 31 37.807351
13 32 37.797194
13 33 37.782426
13 34 37.763432
13 35 37.740352
13 36 37.712580
13 37 37.677948
13 38 37.631524
13 39 37.564188
13 40 37.461524
13 41 37.304043
13 42 37.069352
13 43 36.734823
13 44 36.279570
13 45 35.685457
13 46 34.937392
13 47 34.023257
13 48 32.933753
13 49 31.662334
13 50 30.205294
13 51 28.562035
13 52 26.735482
13 53 24.732585
13 54 22.564830
13 55 20.248643
13 56 17.805561
13 57 15.262047
13 58 12.648869
13 59 10.000000

14 0 10.000000
14 1 12.314642
14 2 14.599538
14 3 16.826116
14 4 18.968014
14 5 21.001882
14 6 22.907895
14 7 24.669984
14 8 26.275809
14 9 27.716585
14 10 28.986803
14 11 30.083967
14 12 31.008410
14 13 31.763276
14 14 32.354726
14 15 32.792407
14 16 33.090154
14 17 33.266749
14 18 33.346272
14 19 33.357222
14 20 33.329377
14 21 33.288184
14 22 33.249415
14 23 33.219907
14 24 33.200757
14 25 33.190261
14 26 33.185800
14 27 33.184830
14 28 33.185325
14 29 33.185913
14 30 33.185913
14 31 33.185325
14 32 33.184830
14 33 33.185800
14 34 33.190261
14 35 33.200757
14 36 33.219907
14 37 33.249415
14 38 33.288184
14 39 33.329377
14 40 33.357222
14 41 33.346272
14 42 33.266749
14 43 33.090154
14 44 32.792407
14 45 32.354726
14 46 31.763276
14 47 31.008410
14 48 30.083967
14 49 28.986803
14 50 27.716585
14 51 26.275809
14 52 24.669984
14 53 22.907895
14 54 21.001882
14 55 18.968014
14 56 16.826116
14 57 14.599538
14 58 12.314642
14 59 10.000000

15 0 10.000000
15 1 12.021584
15 2 14.017746
15 3 15.963877
15 4 17.836908
15 5 19.615893
15 6 21.282411
15 7 22.820765
15 8 24.218026
15 9 25.463944
15 10 26.550794
15 11 27.473240
15 12 28.228271
15 13 28.815342
15 14 29.236825
15 15 29.498924
15 16 29.613171
15 17 29.598502
15 18 29.483410
15 19 29.306615
15 20 29.113044
15 21 28.941486
15 22 28.808066
15 23 28.712895
15 24 28.649184
15 25 28.608738
15 26 28.584339
15 27 28.570441
15 28 28.563168
15 29 28.560107
15 30 28.560107
15 31 28.563168
15 32 28.570441
15 33 28.584339
15 34 28.608738
15 35 28.649184
15 36 28.712895
15 37 28.808066
15 38 28.941486
15 39 29.113044
15 40 29.306615
15 41 29.483410
15 42 29.598502
15 43 29.613171
15 44 29.498924
15 45 29.236825
15 46 28.815342
15 47 28.228271
15 48 27.473240
15 49 26.550794
15 50 25.463944
15 51 24.218026
15 52 22.820765
15 53 21.282411
15 54 19.615893
15 55 17.836908
15 56 15.963877
15 57 14.017746
15 58 12.021584
15 59 10.000000

16 0 10.000000
16 1 11.763712
16 2 13.505202
16 3 15.202814
16 4 16.835967
16 5 18.385570
16 6 19.834316
16 7 21.166832
16 8 22.369716
16 9 23.431463
16 10 24.342336
16 11 25.094230
16 12 25.680602
16 13 26.096594
16 14 26.339527
16 15 26.410080
16 16 26.314617
16 17 26.069249
16 18 25.705950
16 19 25.279230
16 20 24.866239
16 21 24.542005
16 22 24.313776
16 23 24.162340
16 24 24.065409
16 25 24.005006
16 26 23.968345
16 27 23.946882
16 28 23.935182
16 29 23.930064
16 30 23.930064
16 31 23.935182
16 32 23.946882
16 33 23.968345
16 34 24.005006
16 35 24.065409
16 36 24.162340
16 37 24.313776
16 38 24.542005
16 39 24.866239
16 40 25.279230
16 41 25.705950
16 42 26.069249
16 43 26.314617
16 44 26.410080
16 45 26.339527
16 46 26.096594
16 47 25.680602
16 48 25.094230
16 49 24.342336
16 50 23.431463
16 51 22.369716
16 52 21.166832
16 53 19.834316
16 54 18.385570
16 55 16.835967
16 56 15.202814
16 57 13.505202
16 58 11.763712
16 59 10.000000

17 0 10.000000
17 1 11.536596
17 2 13.053390
17 3 14.530969
17 4 15.950665
17 5 17.294843
17 6 18.547092
17 7 19.692321
17 8 20.716751
17 9 21.607803
17 10 22.353918
17 11 22.944316
17 12 23.368753
17 13 23.617373
17 14 23.680816
17 15 23.551018
17 16 23.223542
17 17 22.703221
17 18 22.016271
17 19 21.232842
17 20 20.496589
17 21 20.009644
17 22 19.713196
17 23 19.536348
17 24 19.431078
17 25 19.368411
17 26 19.331316
17 27 19.309810
17 28 19.298085
17 29 19.292937
17 30 19.292937
17 31 19.298085
17 32 19.309810
17 33 19.331316
17 34 19.368411
17 35 19.431078
17 36 19.536348
17 37 19.713196
17 38 20.009644
17 39 20.496589
17 40 21.232842
17 41 22.016271
17 42 22.703221
17 43 23.223542
17 44 23.551018
17 45 23.680816
17 46 23.617373
17 47 23.368753
17 48 22.944316
17 49 22.353918
17 50 21.607803
17 51 20.716751
17 52 19.692321
17 53 18.547092
17 54 17.294843
17 55 15.950665
17 56 14.530969
17 57 13.053390
17 58 11.536596
17 59 10.000000

18 0 10.000000
18 1 11.336889
18 2 12.655854
18 3 13.939237
18 4 15.169889
18 5 16.331353
18 6 17.407991
18 7 18.385006
18 8 19.248391
18 9 19.984749
18 10 20.581027
18 11 21.024103
18 12 21.300252
18 13 21.394453
18 14 21.289568
18 15 20.965556
18 16 20.399382
18 17 19.567822
18 18 18.460127
18 19 17.121158
18 20 15.781876
18 21 15.213621
18 22 14.947079
18 23 14.811284
18 24 14.737782
18 25 14.696421
18 26 14.672713
18 27 14.659198
18 28 14.651886
18 29 14.648684
18 30 14.648684
18 31 14.651886
18 32 14.659198
18 33 14.672713
18 34 14.696421
18 35 14.737782
18 36 14.811284
18 37 14.947079
18 38 15.213621
18 39 15.781876
18 40 17.121158
18 41 18.460127
18 42 19.567822
18 43 20.399382
18 44 20.965556
18 45 21.289568
18 46 21.394453
18 47 21.300252
18 48 21.024103
18 49 20.581027
18 50 19.984749
18 51 19.248391
18 52 18.385006
18 53 17.407991
18 54 16.331353
18 55 15.169889
18 56 13.939237
18 57 12.655854
18 58 11.336889
18 59 10.000000

19 0 10.000000
19 1 11.161990
19 2 12.307565
19 3 13.420491
19 4 14.484872
19 5 15.485272
19 6 16.406774
19 7 17.234968
19 8 17.955844
19 9 18.555580
19 10 19.020179
19 11 19.334931
19 12 19.483582
19 13 19.447084
19 14 19.201607
19 15 18.715269
19 16 17.942540
19 17 16.814614
19 18 15.224087
19 19 13.009905
19 20 10.000000
19 21 10.000000
19 22 10.000000
19 23 10.000000
19 24 10.000000
19 25 10.000000
19 26 10.000000
19 27 10.000000
19 28 10.000000
19 29 10.000000
19 30 10.000000
19 31 10.000000
19 32 10.000000
19 33 10.000000
19 34 10.000000
19 35 10.000000
19 36 10.000000
19 37 10.000000
19 38 10.000000
19 39 10.000000
19 40 13.009905
19 41 15.224087
19 42 16.814614
19 43 17.942540
19 44 18.715269
19 45 19.201607
19 46 19.447084
19 47 19.483582
19 48 19.334931
19 49 19.020179
19 50 18.555580
19 51 17.955844
19 52 17.234968
19 53 16.406774
19 54 15.485272
19 55 14.484872
19 56 13.420491
19 57 12.307565
19 58 11.161990
19 59 10.000000

20 0 10.000000
20 1 11.009811
20 2 12.004467
20 3 12.968935
20 4 13.888410
20 5 14.748391
20 6 15.534703
20 7 16.233465
20 8 16.830967
20 9 17.313449
20 10 17.666734
20 11 17.875656
20 12 17.923173
20 13 17.788960
20 14 17.447020
20 15 16.861368
20 16 15.977320
20 17 14.701687
20 18 12.851236
20 19 10.000000
20 20 0.000000
20 21 0.000000
20 22 0.000000
20 23 0.000000
20 24 0.000000
20 25 0.000000
20 26 0.000000
20 27 0.000000
20 28 0.000000
20 29 0.000000
20 30 0.000000
20 31 0.000000
20 32 0.000000
20 33 0.000000
20 34 0.000000
20 35 0.000000
20 36 0.000000
20 37 0.000000
20 38 0.000000
20 39 0.000000
20 40 10.000000
20 41 12.851236
20 42 14.701687
20 43 15.977320
20 44 16.861368
20 45 17.447020
20 46 17.788960
20 47 17.923173
20 48 17.875656
20 49 17.666734
20 50 17.313449
20 51 16.830967
20 52 16.233465
20 53 15.534703
20 54 14.748391
20 55 13.888410
20 56 12.968935
20 57 12.004467
20 58 11.009811
20 59 10.000000

21 0 10.000000
21 1 10.878607
21 2 11.743150
21 3 12.579651
21 4 13.374294
21 5 14.113474
21 6 14.783810
21 7 15.372114
21 8 15.865286
21 9 16.250139
21 10 16.513100
21 11 16.639776
21 12 16.614296
21 13 16.418345
21 14 16.029751
21 15 15.420474
21 16 14.554085
21 17 13.384353
21 18 11.863557
21 19 10.000000
21 20 0.000000
21 21 0.000000
21 22 0.000000
21 23 0.000000
21 24 0.000000
21 25 0.000000
21 26 0.000000
21 27 0.000000
21 28 0.000000
21 29 0.000000
21 30 0.000000
21 31 0.000000
21 32 0.000000
21 33 0.000000
21 34 0.000000
21 35 0.000000
21 36 0.000000
21 37 0.000000
21 38 0.000000
21 39 0.000000
21 40 10.000000
21 41 11.863557
21 42 13.384353
21 43 14.554085
21 44 15.420474
21 45 16.029751
21 46 16.418345
21 47 16.614296
21 48 16.639776
21 49 16.513100
21 50 16.250139
21 51 15.865286
21 52 15.372114
21 53 14.783810
21 54 14.113474
21 55 13.374294
21 56 12.579651
21 57 11.743150
21 58 10.878607
21 59 10.000000

22 0 10.000000
22 1 10.766870
22 2 11.520646
22 3 12.248304
22 4 12.936945
22 5 13.573841
22 6 14.146457
22 7 14.642432
22 8 15.049530
22 9 15.355535
22 10 15.548096
22 11 15.614495
22 12 15.541365
22 13 15.314362
22 14 14.917927
22 15 14.335442
22 16 13.550702
22 17 12.552923
22 18 11.350286
22 19 10.000000
22 20 0.000000
22 21 0.000000
22 22 0.000000
22 23 0.000000
22 24 0.000000
22 25 0.000000
22 26 0.000000
22 27 0.000000
22 28 0.000000
22 29 0.000000
22 30 0.000000
22 31 0.000000
22 32 0.000000
22 33 0.000000
22 34 0.000000
22 35 0.000000
22 36 0.000000
22 37 0.000000
22 38 0.000000
22 39 0.000000
22 40 10.000000
22 41 11.350286
22 42 12.552923
22 43 13.550702
22 44 14.335442
22 45 14.917927
22 46 15.314362
22 47 15.541365
22 48 15.614495
22 49 15.548096
22 50 15.355535
22 51 15.049530
22 52 14.642432
22 53 14.146457
22 54 13.573841
22 55 12.936945
22 56 12.248304
22 57 11.520646
22 58 10.766870
22 59 10.000000

23 0 10.000000
23 1 10.673254
23 2 11.334292
23 3 11.970958
23 4 12.571213
23 5 13.123179
23 6 13.615182
23 7 14.035764
23 8 14.373693
23 9 14.617949
23 10 14.757710
23 11 14.782334
23 12 14.681404
23 13 14.444890
23 14 14.063612
23 15 13.530350
23 16 12.842181
23 17 12.005033
23 18 11.041375
23 19 10.000000
23 20 0.000000
23 21 0.000000
23 22 0.000000
23 23 0.000000
23 24 0.000000
23 25 0.000000
23 26 0.000000
23 27 0.000000
23 28 0.000000
23 29 0.000000
23 30 0.000000
23 31 0.000000
23 32 0.000000
23 33 0.000000
23 34 0.000000
23 35 0.000000
23 36 0.000000
23 37 0.000000
23 38 0.000000
23 39 0.000000
23 40 10.000000
23 41 11.041375
23 42 12.005033
23 43 12.842181
23 44 13.530350
23 45 14.063612
23 46 14.444890
23 47 14.681404
23 48 14.782334
23 49 14.757710
23 50 14.617949
23 51 14.373693
23 52 14.035764
23 53 13.615182
23 54 13.123179
23 55 12.571213
23 56 11.970958
23 57 11.334292
23 58 10.673254
23 59 10.000000

24 0 10.000000
24 1 10.596547
24 2 11.181672
24 3 11.744010
24 4 12.272314
24 5 12.755512
24 6 13.182759
24 7 13.543495
24 8 13.827506
24 9 14.024995
24 10 14.126681
24 11 14.123950
24 12 14.009105
24 13 13.775780
24 14 13.419657
24 15 12.939661
24 16 12.339860
24 17 11.632241
24 18 10.840032
24 19 10.000000
24 20 0.000000
24 21 0.000000
24 22 0.000000
24 23 0.000000
24 24 0.000000
24 25 0.000000
24 26 0.000000
24 27 0.000000
24 28 0.000000
24 29 0.000000
24 30 0.000000
24 31 0.000000
24 32 0.000000
24 33 0.000000
24 34 0.000000
24 35 0.000000
24 36 0.000000
24 37 0.000000
24 38 0.000000
24 39 0.000000
24 40 10.000000
24 41 10.840032
24 42 11.632241
24 43 12.339860
24 44 12.939661
24 45 13.419657
24 46 13.775780
24 47 14.009105
24 48 14.123950
24 49 14.126681
24 50 14.024995
24 51 13.827506
24 52 13.543495
24 53 13.182759
24 54 12.755512
24 55 12.272314
24 56 11.744010
24 57 11.181672
24 58 10.596547
24 59 10.000000

25 0 10.000000
25 1 10.535651
25 2 11.060590
25 3 11.564166
25 4 12.035847
25 5 12.465286
25 6 12.842392
25 7 13.157421
25 8 13.401074
25 9 13.564640
25 10 13.640172
25 11 13.620742
25 12 13.500792
25 13 13.276633
25 14 12.947154
25 15 12.514790
25 16 11.986770
25 17 11.376530
25 18 10.704877
25 19 10.000000
25 20 0.000000
25 21 0.000000
25 22 0.000000
25 23 0.000000
25 24 0.000000
25 25 0.000000
25 26 0.000000
25 27 0.000000
25 28 0.000000
25 29 0.000000
25 30 0.000000
25 31 0.000000
25 32 0.000000
25 33 0.000000
25 34 0.000000
25 35 0.000000
25 36 0.000000
25 37 0.000000
25 38 0.000000
25 39 0.000000
25 40 10.000000
25 41 10.704877
25 42 11.376530
25 43 11.986770
25 44 12.514790
25 45 12.947154
25 46 13.276633
25 47 13.500792
25 48 13.620742
25 49 13.640172
25 50 13.564640
25 51 13.401074
25 52 13.157421
25 53 12.842392
25 54 12.465286
25 55 12.035847
25 56 11.564166
25 57 11.060590
25 58 10.535651
25 59 10.000000

26 0 10.000000
26 1 10.489579
26 2 10.969076
26 3 11.428469
26 4 11.857848
26 5 12.247491
26 6 12.587946
26 7 12.870135
26 8 13.085490
26 9 13.226131
26 10 13.285099
26 11 13.256663
26 12 13.136711
26 13 12.923256
26 14 12.617053
26 15 12.222316
26 16 11.747477
26 17 11.205820
26 18 10.615709
26 19 10.000000
26 20 0.000000
26 21 0.000000
26 22 0.000000
26 23 0.000000
26 24 0.000000
26 25 0.000000
26 26 0.000000
26 27 0.000000
26 28 0.000000
26 29 0.000000
26 30 0.000000
26 31 0.000000
26 32 0.000000
26 33 0.000000
26 34 0.000000
26 35 0.000000
26 36 0.000000
26 37 0.000000
26 38 0.000000
26 39 0.000000
26 40 10.000000
26 41 10.615709
26 42 11.205820
26 43 11.747477
26 44 12.222316
26 45 12.617053
26 46 12.923256
26 47 13.136711
26 48 13.256663
26 49 13.285099
26 50 13.226131
26 51 13.085490
26 52 12.870135
26 53 12.587946
26 54 12.247491
26 55 11.857848
26 56 11.428469
26 57 10.969076
26 58 10.489579
26 59 10.000000

27 0 10.000000
27 1 10.457459
27 2 10.905390
27 3 11.334312
27 4 11.734846
27 5 12.097777
27 6 12.414146
27 7 12.675353
27 8 12.873315
27 9 13.000663
27 10 13.051002
27 11 13.019249
27 12 12.902046
27 13 12.698252
27 14 12.409490
27 15 12.040710
27 16 11.600666
27 17 11.102173
27 18 10.561971
27 19 10.000000
27 20 0.000000
27 21 0.000000
27 22 0.000000
27 23 0.000000
27 24 0.000000
27 25 0.000000
27 26 0.000000
27 27 0.000000
27 28 0.000000
27 29 0.000000
27 30 0.000000
27 31 0.000000
27 32 0.000000
27 33 0.000000
27 34 0.000000
27 35 0.000000
27 36 0.000000
27 37 0.000000
27 38 0.000000
27 39 0.000000
27 40 10.000000
27 41 10.561971
27 42 11.102173
27 43 11.600666
27 44 12.040710
27 45 12.409490
27 46 12.698252
27 47 12.902046
27 48 13.019249
27 49 13.051002
27 50 13.000663
27 51 12.873315
27 52 12.675353
27 53 12.414146
27 54 12.097777
27 55 11.734846
27 56 11.334312
27 57 10.905390
27 58 10.457459
27 59 10.000000

28 0 10.000000
28 1 10.438528
28 2 10.868015
28 3 11.279448
28 4 11.663887
28 5 12.012511
28 6 12.316693
28 7 12.568108
28 8 12.758878
28 9 12.881781
28 10 12.930526
28 11 12.900105
28 12 12.787231
28 13 12.590849
28 14 12.312679
28 15 11.957741
28 16 11.534751
28 17 11.056255
28 18 10.538365
28 19 10.000000
28 20 0.000000
28 21 0.000000
28 22 0.000000
28 23 0.000000
28 24 0.000000
28 25 0.000000
28 26 0.000000
28 27 0.000000
28 28 0.000000
28 29 0.000000
28 30 0.000000
28 31 0.000000
28 32 0.000000
28 33 0.000000
28 34 0.000000
28 35 0.000000
28 36 0.000000
28 37 0.000000
28 38 0.000000
28 39 0.000000
28 40 10.000000
28 41 10.538365
28 42 11.056255
28 43 11.534751
28 44 11.957741
28 45 12.312679
28 46 12.590849
28 47 12.787231
28 48 12.900105
28 49 12.930526
28 50 12.881781
28 51 12.758878
28 52 12.568108
28 53 12.316693
28 54 12.012511
28 55 11.663887
28 56 11.279448
28 57 10.868015
28 58 10.438528
28 59 10.000000

29 0 10.000000
29 1 10.432112
29 2 10.855625
29 3 11.261946
29 4 11.642500
29 5 11.988755
29 6 12.292276
29 7 12.544800
29 8 12.738373
29 9 12.865541
29 10 12.919623
29 11 12.895082
29 12 12.788000
29 13 12.596647
29 14 12.322120
29 15 11.968962
29 16 11.545662
29 17 11.064860
29 18 10.543098
29 19 10.000000
29 20 0.000000
29 21 0.000000
29 22 0.000000
29 23 0.000000
29 24 0.000000
29 25 0.000000
29 26 0.000000
29 27 0.000000
29 28 0.000000
29 29 0.000000
29 30 0.000000
29 31 0.000000
29 32 0.000000
29 33 0.000000
29 34 0.000000
29 35 0.000000
29 36 0.000000
29 37 0.000000
29 38 0.000000
29 39 0.000000
29 40 10.000000
29 41 10.543098
29 42 11.064860
29 43 11.545662
29 44 11.968962
29 45 12.322120
29 46 12.596647
29 47 12.788000
29 48 12.895082
29 49 12.919623
29 50 12.865541
29 51 12.738373
29 52 12.544800
29 53 12.292276
29 54 11.988755
29 55 11.642500
29 56 11.261946
29 57 10.855625
29 58 10.432112
29 59 10.000000

30 0 10.000000
30 1 10.437598
30 2 10.867032
30 3 11.280108
30 4 11.668583
30 5 12.024148
30 6 12.338441
30 7 12.603084
30 8 12.809779
30 9 12.950458
30 10 13.017540
30 11 13.004302
30 12 12.905405
30 13 12.717567
30 14 12.440393
30 15 12.077266
30 16 11.636160
30 17 11.130158
30 18 10.577363
30 19 10.000000
30 20 0.000000
30 21 0.000000
30 22 0.000000
30 23 0.000000
30 24 0.000000
30 25 0.000000
30 26 0.000000
30 27 0.000000
30 28 0.000000
30 29 0.000000
30 30 0.000000
30 31 0.000000
30 32 0.000000
30 33 0.000000
30 34 0.000000
30 35 0.000000
30 36 0.000000
30 37 0.000000
30 38 0.000000
30 39 0.000000
30 40 10.000000
30 41 10.577363
30 42 11.130158
30 43 11.636160
30 44 12.077266
30 45 12.440393
30 46 12.717567
30 47 12.905405
30 48 13.004302
30 49 13.017540
30 50 12.950458
30 51 12.809779
30 52 12.603084
30 53 12.338441
30 54 12.024148
30 55 11.668583
30 56 11.280108
30 57 10.867032
30 58 10.437598
30 59 10.000000

31 0 10.000000
31 1 10.454383
31 2 10.901077
31 3 11.332322
31 4 11.740217
31 5 12.116667
31 6 12.453324
31 7 12.741575
31 8 12.972556
31 9 13.137240
31 10 13.226625
31 11 13.232084
31 12 13.145910
31 13 12.962134
31 14 12.677634
31 15 12.293497
31 16 11.816482
31 17 11.260220
31 18 10.645634
31 19 10.000000
31 20 0.000000
31 21 0.000000
31 22 0.000000
31 23 0.000000
31 24 0.000000
31 25 0.000000
31 26 0.000000
31 27 0.000000
31 28 0.000000
31 29 0.000000
31 30 0.000000
31 31 0.000000
31 32 0.000000
31 33 0.000000
31 34 0.000000
31 35 0.000000
31 36 0.000000
31 37 0.000000
31 38 0.000000
31 39 0.000000
31 40 10.000000
31 41 10.645634
31 42 11.260220
31 43 11.816482
31 44 12.293497
31 45 12.677634
31 46 12.962134
31 47 13.145910
31 48 13.232084
31 49 13.226625
31 50 13.137240
31 51 12.972556
31 52 12.741575
31 53 12.453324
31 54 12.116667
31 55 11.740217
31 56 11.332322
31 57 10.901077
31 58 10.454383
31 59 10.000000

32 0 10.000000
32 1 10.481812
32 2 10.956506
32 3 11.416851
32 4 11.855376
32 5 12.264260
32 6 12.635205
32 7 12.959333
32 8 13.227095
32 9 13.428239
32 10 13.551872
32 11 13.586694
32 12 13.521505
32 13 13.346113
32 14 13.052778
32 15 12.638279
32 16 12.106488
32 17 11.471006
32 18 10.756878
32 19 10.000000
32 20 0.000000
32 21 0.000000
32 22 0.000000
32 23 0.000000
32 24 0.000000
32 25 0.000000
32 26 0.000000
32 27 0.000000
32 28 0.000000
32 29 0.000000
32 30 0.000000
32 31 0.000000
32 32 0.000000
32 33 0.000000
32 34 0.000000
32 35 0.000000
32 36 0.000000
32 37 0.000000
32 38 0.000000
32 39 0.000000
32 40 10.000000
32 41 10.756878
32 42 11.471006
32 43 12.106488
32 44 12.638279
32 45 13.052778
32 46 13.346113
32 47 13.521505
32 48 13.586694
32 49 13.551872
32 50 13.428239
32 51 13.227095
32 52 12.959333
32 53 12.635205
32 54 12.264260
32 55 11.855376
32 56 11.416851
32 57 10.956506
32 58 10.481812
32 59 10.000000

33 0 10.000000
33 1 10.519090
33 2 11.031798
33 3 11.531579
33 4 12.011562
33 5 12.464363
33 6 12.881886
33 7 13.255106
33 8 13.573840
33 9 13.826521
33 10 14.000040
33 11 14.079727
33 12 14.049631
33 13 13.893334
33 14 13.595625
33 15 13.145404
33 16 12.540011
33 17 11.790644
33 18 10.927290
33 19 10.000000
33 20 0.000000
33 21 0.000000
33 22 0.000000
33 23 0.000000
33 24 0.000000
33 25 0.000000
33 26 0.000000
33 27 0.000000
33 28 0.000000
33 29 0.000000
33 30 0.000000
33 31 0.000000
33 32 0.000000
33 33 0.000000
33 34 0.000000
33 35 0.000000
33 36 0.000000
33 37 0.000000
33 38 0.000000
33 39 0.000000
33 40 10.000000
33 41 10.927290
33 42 11.790644
33 43 12.540011
33 44 13.145404
33 45 13.595625
33 46 13.893334
33 47 14.049631
33 48 14.079727
33 49 14.000040
33 50 13.826521
33 51 13.573840
33 52 13.255106
33 53 12.881886
33 54 12.464363
33 55 12.011562
33 56 11.531579
33 57 11.031798
33 58 10.519090
33 59 10.000000

34 0 10.000000
34 1 10.565203
34 2 11.124980
34 3 11.673711
34 4 12.205371
34 5 12.713292
34 6 13.189884
34 7 13.626294
34 8 14.012007
34 9 14.334369
34 10 14.578079
34 11 14.724709
34 12 14.752430
34 13 14.636279
34 14 14.349562
34 15 13.867300
34 16 13.172808
34 17 12.268048
34 18 11.186195
34 19 10.000000
34 20 0.000000
34 21 0.000000
34 22 0.000000
34 23 0.000000
34 24 0.000000
34 25 0.000000
34 26 0.000000
34 27 0.000000
34 28 0.000000
34 29 0.000000
34 30 0.000000
34 31 0.000000
34 32 0.000000
34 33 0.000000
34 34 0.000000
34 35 0.000000
34 36 0.000000
34 37 0.000000
34 38 0.000000
34 39 0.000000
34 40 10.000000
34 41 11.186195
34 42 12.268048
34 43 13.172808
34 44 13.867300
34 45 14.349562
34 46 14.636279
34 47 14.752430
34 48 14.724709
34 49 14.578079
34 50 14.334369
34 51 14.012007
34 52 13.626294
34 53 13.189884
34 54 12.713292
34 55 12.205371
34 56 11.673711
34 57 11.124980
34 58 10.565203
34 59 10.000000

35 0 10.000000
35 1 10.618824
35 2 11.233450
35 3 11.839470
35 4 12.432036
35 5 13.005585
35 6 13.553496
35 7 14.067652
35 8 14.537856
35 9 14.951077
35 10 15.290485
35 11 15.534272
35 12 15.654360
35 13 15.615300
35 14 15.374150
35 15 14.882938
35 16 14.096634
35 17 12.990562
35 18 11.589520
35 19 10.000000
35 20 0.000000
35 21 0.000000
35 22 0.000000
35 23 0.000000
35 24 0.000000
35 25 0.000000
35 26 0.000000
35 27 0.000000
35 28 0.000000
35 29 0.000000
35 30 0.000000
35 31 0.000000
35 32 0.000000
35 33 0.000000
35 34 0.000000
35 35 0.000000
35 36 0.000000
35 37 0.000000
35 38 0.000000
35 39 0.000000
35 40 10.000000
35 41 11.589520
35 42 12.990562
35 43 14.096634
35 44 14.882938
35 45 15.374150
35 46 15.615300
35 47 15.654360
35 48 15.534272
35 49 15.290485
35 50 14.951077
35 51 14.537856
35 52 14.067652
35 53 13.553496
35 54 13.005585
35 55 12.432036
35 56 11.839470
35 57 11.233450
35 58 10.618824
35 59 10.000000

36 0 10.000000
36 1 10.678256
36 2 11.353832
36 3 12.023852
36 4 12.685023
36 5 13.333361
36 6 13.963829
36 7 14.569843
36 8 15.142574
36 9 15.669949
36 10 16.135237
36 11 16.515044
36 12 16.776562
36 13 16.874034
36 14 16.744842
36 15 16.307009
36 16 15.463047
36 17 14.121339
36 18 12.253713
36 19 10.000000
36 20 0.000000
36 21 0.000000
36 22 0.000000
36 23 0.000000
36 24 0.000000
36 25 0.000000
36 26 0.000000
36 27 0.000000
36 28 0.000000
36 29 0.000000
36 30 0.000000
36 31 0.000000
36 32 0.000000
36 33 0.000000
36 34 0.000000
36 35 0.000000
36 36 0.000000
36 37 0.000000
36 38 0.000000
36 39 0.000000
36 40 10.000000
36 41 12.253713
36 42 14.121339
36 43 15.463047
36 44 16.307009
36 45 16.744842
36 46 16.874034
36 47 16.776562
36 48 16.515044
36 49 16.135237
36 50 15.669949
36 51 15.142574
36 52 14.569843
36 53 13.963829
36 54 13.333361
36 55 12.685023
36 56 12.023852
36 57 11.353832
36 58 10.678256
36 59 10.000000

37 0 10.000000
37 1 10.741396
37 2 11.481903
37 3 12.220482
37 4 12.955773
37 5 13.685869
37 6 14.408006
37 7 15.118102
37 8 15.810068
37 9 16.474756
37 10 17.098303
37 11 17.659536
37 12 18.125819
37 13 18.446488
37 14 18.542721
37 15 18.293194
37 16 17.518382
37 17 15.980031
37 18 13.452281
37 19 10.000000
37 20 0.000000
37 21 0.000000
37 22 0.000000
37 23 0.000000
37 24 0.000000
37 25 0.000000
37 26 0.000000
37 27 0.000000
37 28 0.000000
37 29 0.000000
37 30 0.000000
37 31 0.000000
37 32 0.000000
37 33 0.000000
37 34 0.000000
37 35 0.000000
37 36 0.000000
37 37 0.000000
37 38 0.000000
37 39 0.000000
37 40 10.000000
37 41 13.452281
37 42 15.980031
37 43 17.518382
37 44 18.293194
37 45 18.542721
37 46 18.446488
37 47 18.125819
37 48 17.659536
37 49 17.098303
37 50 16.474756
37 51 15.810068
37 52 15.118102
37 53 14.408006
37 54 13.685869
37 55 12.955773
37 56 12.220482
37 57 11.481903
37 58 10.741396
37 59 10.000000

38 0 10.000000
38 1 10.805768
38 2 11.612643
38 3 12.421663
38 4 13.233712
38 5 14.049395
38 6 14.868851
38 7 15.691453
38 8 16.515319
38 9 17.336503
38 10 18.147619
38 11 18.935447
38 12 19.676619
38 13 20.329579
38 14 20.819161
38 15 21.006418
38 16 20.630520
38 17 19.208132
38 18 15.930476
38 19 10.000000
38 20 0.000000
38 21 0.000000
38 22 0.000000
38 23 0.000000
38 24 0.000000
38 25 0.000000
38 26 0.000000
38 27 0.000000
38 28 0.000000
38 29 0.000000
38 30 0.000000
38 31 0.000000
38 32 0.000000
38 33 0.000000
38 34 0.000000
38 35 0.000000
38 36 0.000000
38 37 0.000000
38 38 0.000000
38 39 0.000000
38 40 10.000000
38 41 15.930476
38 42 19.208132
38 43 20.630520
38 44 21.006418
38 45 20.819161
38 46 20.329579
38 47 19.676619
38 48 18.935447
38 49 18.147619
38 50 17.336503
38 51 16.515319
38 52 15.691453
38 53 14.868851
38 54 14.049395
38 55 13.233712
38 56 12.421663
38 57 11.612643
38 58 10.805768
38 59 10.000000

39 0 10.000000
39 1 10.868607
39 2 11.740414
39 3 12.618653
39 4 13.506621
39 5 14.407697
39 6 15.325341
39 7 16.263054
39 8 17.224283
39 9 18.212184
39 10 19.229165
39 11 20.275935
39 12 21.349511
39 13 22.438801
39 14 23.514043
39 15 24.499094
39 16 25.191087
39 17 25.004079
39 18 22.080393
39 19 10.000000
39 20 0.000000
39 21 0.000000
39 22 0.000000
39 23 0.000000
39 24 0.000000
39 25 0.000000
39 26 0.000000
39 27 0.000000
39 28 0.000000
39 29 0.000000
39 30 0.000000
39 31 0.000000
39 32 0.000000
39 33 0.000000
39 34 0.000000
39 35 0.000000
39 36 0.000000
39 37 0.000000
39 38 0.000000
39 39 0.000000
39 40 10.000000
39 41 22.080393
39 42 25.004079
39 43 25.191087
39 44 24.499094
39 45 23.514043
39 46 22.438801
39 47 21.349511
39 48 20.275935
39 49 19.229165
39 50 18.212184
39 51 17.224283
39 52 16.263054
39 53 15.325341
39 54 14.407697
39 55 13.506621
39 56 12.618653
39 57 11.740414
39 58 10.868607
39 59 10.000000

40 0 10.000000
40 1 10.927018
40 2 11.859281
40 3 12.802176
40 4 13.761388
40 5 14.743070
40 6 15.754051
40 7 16.802110
40 8 17.896329
40 9 19.047615
40 10 20.269482
40 11 21.579323
40 12 23.000653
40 13 24.567464
40 14 26.333757
40 15 28.397388
40 16 30.968264
40 17 34.587813
40 18 40.903956
40 19 55.599620
40 20 100.000000
40 21 100.000000
40 22 100.000000
40 23 100.000000
40 24 100.000000
40 25 100.000000
40 26 100.000000
40 27 100.000000
40 28 100.000000
40 29 100.000000
40 30 100.000000
40 31 100.000000
40 32 100.000000
40 33 100.000000
40 34 100.000000
40 35 100.000000
40 36 100.000000
40 37 100.000000
40 38 100.000000
40 39 100.000000
40 40 55.599620
40 41 40.903956
40 42 34.587813
40 43 30.968264
40 44 28.397388
40 45 26.333757
40 46 24.567464
40 47 23.000653
40 48 21.579323
40 49 20.269482
40 50 19.047615
40 51 17.896329
40 52 16.802110
40 53 15.754051
40 54 14.743070
40 55 13.761388
40 56 12.802176
40 57 11.859281
40 58 10.927018
40 59 10.000000

41 0 10.000000
41 1 10.978170
41 2 11.963432
41 3 12.963117
41 4 13.985056
41 5 15.037888
41 6 16.131444
41 7 17.277275
41 8 18.489390
41 9 19.785357
41 10 21.188035
41 11 22.728400
41 12 24.450437
41 13 26.420028
41 14 28.741932
41 15 31.593611
41 16 35.293992
41 17 40.439238
41 18 48.129564
41 19 60.085446
41 20 76.905849
41 21 84.203966
41 22 87.807047
41 23 89.800801
41 24 91.005431
41 25 91.776789
41 26 92.284261
41 27 92.614818
41 28 92.815161
41 29 92.909955
41 30 92.909955
41 31 92.815161
41 32 92.614818
41 33 92.284261
41 34 91.776789
41 35 91.005431
41 36 89.800801
41 37 87.807047
41 38 84.203966
41 39 76.905849
41 40 60.085446
41 41 48.129564
41 42 40.439238
41 43 35.293992
41 44 31.593611
41 45 28.741932
41 46 26.420028
41 47 24.450437
41 48 22.728400
41 49 21.188035
41 50 19.785357
41 51 18.489390
41 52 17.277275
41 53 16.131444
41 54 15.037888
41 55 13.985056
41 56 12.963117
41 57 11.963432
41 58 10.978170
41 59 10.000000

42 0 10.000000
42 1 11.019505
42 2 12.047619
42 3 13.093255
42 4 14.165967
42 5 15.276339
42 6 16.436484
42 7 17.660699
42 8 18.966391
42 9 20.375403
42 10 21.916018
42 11 23.626027
42 12 25.557587
42 13 27.784963
42 14 30.416852
42 15 33.615161
42 16 37.619906
42 17 42.768061
42 18 49.451289
42 19 57.838372
42 20 66.991332
42 21 73.522170
42 22 77.841536
42 23 80.693817
42 24 82.610544
42 25 83.918821
42 26 84.813384
42 27 85.409866
42 28 85.776408
42 29 85.951114
42 30 85.951114
42 31 85.776408
42 32 85.409866
42 33 84.813384
42 34 83.918821
42 35 82.610544
42 36 80.693817
42 37 77.841536
42 38 73.522170
42 39 66.991332
42 40 57.838372
42 41 49.451289
42 42 42.768061
42 43 37.619906
42 44 33.615161
42 45 30.416852
42 46 27.784963
42 47 25.557587
42 48 23.626027
42 49 21.916018
42 50 20.375403
42 51 18.966391
42 52 17.660699
42 53 16.436484
42 54 15.276339
42 55 14.165967
42 56 13.093255
42 57 12.047619
42 58 11.019505
42 59 10.000000

43 0 10.000000
43 1 11.048927
43 2 12.107554
43 3 13.185919
43 4 14.294753
43 5 15.445902
43 6 16.652844
43 7 17.931353
43 8 19.300387
43 9 20.783301
43 10 22.409544
43 11 24.217011
43 12 26.255303
43 13 28.590016
43 14 31.307803
43 15 34.520534
43 16 38.363248
43 17 42.972214
43 18 48.414738
43 19 54.531260
43 20 60.706050
43 21 65.901233
43 22 69.906592
43 23 72.881718
43 24 75.057804
43 25 76.633466
43 26 77.755076
43 27 78.523172
43 28 79.003171
43 29 79.234081
43 30 79.234081
43 31 79.003171
43 32 78.523172
43 33 77.755076
43 34 76.633466
43 35 75.057804
43 36 72.881718
43 37 69.906592
43 38 65.901233
43 39 60.706050
43 40 54.531260
43 41 48.414738
43 42 42.972214
43 43 38.363248
43 44 34.520534
43 45 31.307803
43 46 28.590016
43 47 26.255303
43 48 24.217011
43 49 22.409544
43 50 20.783301
43 51 19.300387
43 52 17.931353
43 53 16.652844
43 54 15.445902
43 55 14.294753
43 56 13.185919
43 57 12.107554
43 58 11.048927
43 59 10.000000

44 0 10.000000
44 1 11.064920
44 2 12.140172
44 3 13.236412
44 4 14.364971
44 5 15.538242
44 6 16.770150
44 7 18.076715
44 8 19.476762
44 9 20.992822
44 10 22.652240
44 11 24.488513
44 12 26.542745
44 13 28.864865
44 14 31.513709
44 15 34.553958
44 16 38.046031
44 17 42.022656
44 18 46.445317
44 19 51.143501
44 20 55.776627
44 21 59.927109
44 22 63.397579
44 23 66.175555
44 24 68.336102
44 25 69.976555
44 26 71.186060
44 27 72.035227
44 28 72.574693
44 29 72.836647
44 30 72.836647
44 31 72.574693
44 32 72.035227
44 33 71.186060
44 34 69.976555
44 35 68.336102
44 36 66.175555
44 37 63.397579
44 38 59.927109
44 39 55.776627
44 40 51.143501
44 41 46.445317
44 42 42.022656
44 43 38.046031
44 44 34.553958
44 45 31.513709
44 46 28.864865
44 47 26.542745
44 48 24.488513
44 49 22.652240
44 50 20.992822
44 51 19.476762
44 52 18.076715
44 53 16.770150
44 54 15.538242
44 55 14.364971
44 56 13.236412
44 57 12.140172
44 58 11.064920
44 59 10.000000

45 0 10.000000
45 1 11.066614
45 2 12.143739
45 3 13.242173
45 4 14.373302
45 5 15.549425
45 6 16.784126
45 7 18.092687
45 8 19.492566
45 9 21.003922
45 10 22.650153
45 11 24.458344
45 12 26.459410
45 13 28.687500
45 14 31.177880
45 15 33.962019
45 16 37.058155
45 17 40.455748
45 18 44.094547
45 19 47.845786
45 20 51.515226
45 21 54.894178
45 22 57.847032
45 23 60.323968
45 24 62.334252
45 25 63.916112
45 26 65.115784
45 27 65.975934
45 28 66.530314
45 29 66.801780
45 30 66.801780
45 31 66.530314
45 32 65.975934
45 33 65.115784
45 34 63.916112
45 35 62.334252
45 36 60.323968
45 37 57.847032
45 38 54.894178
45 39 51.515226
45 40 47.845786
45 41 44.094547
45 42 40.455748
45 43 37.058155
45 44 33.962019
45 45 31.177880
45 46 28.687500
45 47 26.459410
45 48 24.458344
45 49 22.650153
45 50 21.003922
45 51 19.492566
45 52 18.092687
45 53 16.784126
45 54 15.549425
45 55 14.373302
45 56 13.242173
45 57 12.143739
45 58 11.066614
45 59 10.000000

46 0 10.000000
46 1 11.053760
46 2 12.117813
46 3 13.202682
46 4 14.319356
46 5 15.479532
46 6 16.695874
46 7 17.982268
46 8 19.354077
46 9 20.828345
46 10 22.423901
46 11 24.161218
46 12 26.061853
46 13 28.147105
46 14 30.435464
46 15 32.938252
46 16 35.653035
46 17 38.554991
46 18 41.588152
46 19 44.661289
46 20 47.655882
46 21 50.451001
46 22 52.955198
46 23 55.118266
46 24 56.925375
46 25 58.384648
46 26 59.515436
46 27 60.339851
46 28 60.877512
46 29 61.142644
46 30 61.142644
46 31 60.877512
46 32 60.339851
46 33 59.515436
46 34 58.384648
46 35 56.925375
46 36 55.118266
46 37 52.955198
46 38 50.451001
46 39 47.655882
46 40 44.661289
46 41 41.588152
46 42 38.554991
46 43 35.653035
46 44 32.938252
46 45 30.435464
46 46 28.147105
46 47 26.061853
46 48 24.161218
46 49 22.423901
46 50 20.828345
46 51 19.354077
46 52 17.982268
46 53 16.695874
46 54 15.479532
46 55 14.319356
46 56 13.202682
46 57 12.117813
46 58 11.053760
46 59 10.000000

47 0 10.000000
47 1 11.026660
47 2 12.063076
47 3 13.119171
47 4 14.205198
47 5 15.331901
47 6 16.510664
47 7 17.753629
47 8 19.073774
47 9 20.484897
47 10 22.001437
47 11 23.638049
47 12 25.408770
47 13 27.325594
47 14 29.396258
47 15 31.621067
47 16 33.988852
47 17 36.472636
47 18 39.026427
47 19 41.585503
47 20 44.072628
47 21 46.410483
47 22 48.535515
47 23 50.405239
47 24 51.997933
47 25 53.307834
47 26 54.339134
47 27 55.100659
47 28 55.601912
47 29 55.850473
47 30 55.850473
47 31 55.601912
47 32 55.100659
47 33 54.339134
47 34 53.307834
47 35 51.997933
47 36 50.405239
47 37 48.535515
47 38 46.410483
47 39 44.072628
47 40 41.585503
47 41 39.026427
47 42 36.472636
47 43 33.988852
47 44 31.621067
47 45 29.396258
47 46 27.325594
47 47 25.408770
47 48 23.638049
47 49 22.001437
47 50 20.484897
47 51 19.073774
47 52 17.753629
47 53 16.510664
47 54 15.331901
47 55 14.205198
47 56 13.119171
47 57 12.063076
47 58 11.026660
47 59 10.000000

48 0 10.000000
48 1 10.986056
48 2 11.981101
48 3 12.994230
48 4 14.034741
48 5 15.112217
48 6 16.236592
48 7 17.418164
48 8 18.667552
48 9 19.995542
48 10 21.412784
48 11 22.929263
48 12 24.553466
48 13 26.291157
48 14 28.143704
48 15 30.105991
48 16 32.164118
48 17 34.293383
48 18 36.457389
48 19 38.609301
48 20 40.695975
48 21 42.664531
48 22 44.469198
48 23 46.075647
48 24 47.461899
48 25 48.616628
48 26 49.536225
48 27 50.221703
48 28 50.676061
48 29 50.902331
48 30 50.902331
48 31 50.676061
48 32 50.221703
48 33 49.536225
48 34 48.616628
48 35 47.461899
48 36 46.075647
48 37 44.469198
48 38 42.664531
48 39 40.695975
48 40 38.609301
48 41 36.457389
48 42 34.293383
48 43 32.164118
48 44 30.105991
48 45 28.143704
48 46 26.291157
48 47 24.553466
48 48 22.929263
48 49 21.412784
48 50 19.995542
48 51 18.667552
48 52 17.418164
48 53 16.236592
48 54 15.112217
48 55 14.034741
48 56 12.994230
48 57 11.981101
48 58 10.986056
48 59 10.000000

49 0 10.000000
49 1 10.933009
49 2 11.874097
49 3 12.831393
49 4 13.813120
49 5 14.827622
49 6 15.883354
49 7 16.988837
49 8 18.152538
49 9 19.382655
49 10 20.686779
49 11 22.071378
49 12 23.541086
49 13 25.097748
49 14 26.739259
49 15 28.458265
49 16 30.240922
49 17 32.066045
49 18 33.905092
49 19 35.723393
49 20 37.482808
49 21 39.145416
49 22 40.677232
49 23 42.050827
49 24 43.246311
49 25 44.250863
49 26 45.057355
49 27 45.662636
49 28 46.065901
49 29 46.267366
49 30 46.267366
49 31 46.065901
49 32 45.662636
49 33 45.057355
49 34 44.250863
49 35 43.246311
49 36 42.050827
49 37 40.677232
49 38 39.145416
49 39 37.482808
49 40 35.723393
49 41 33.905092
49 42 32.066045
49 43 30.240922
49 44 28.458265
49 45 26.739259
49 46 25.097748
49 47 23.541086
49 48 22.071378
49 49 20.686779
49 50 19.382655
49 51 18.152538
49 52 16.988837
49 53 15.883354
49 54 14.827622
49 55 13.813120
49 56 12.831393
49 57 11.874097
49 58 10.933009
49 59 10.000000

50 0 10.000000
50 1 10.868781
50 2 11.744659
50 3 12.634739
50 4 13.546137
50 5 14.485959
50 6 15.461256
50 7 16.478933
50 8 17.545598
50 9 18.667337
50 10 19.849388
50 11 21.095697
50 12 22.408354
50 13 23.786901
50 14 25.227556
50 15 26.722441
50 16 28.258947
50 17 29.819437
50 18 31.381509
50 19 32.918987
50 20 34.403632
50 21 35.807328
50 22 37.104256
50 23 38.272526
50 24 39.294989
50 25 40.159231
50 26 40.856977
50 27 41.383177
50 28 41.735049
50 29 41.911245
50 30 41.911245
50 31 41.735049
50 32 41.383177
50 33 40.856977
50 34 40.159231
50 35 39.294989
50 36 38.272526
50 37 37.104256
50 38 35.807328
50 39 34.403632
50 40 32.918987
50 41 31.381509
50 42 29.819437
50 43 28.258947
50 44 26.722441
50 45 25.227556
50 46 23.786901
50 47 22.408354
50 48 21.095697
50 49 19.849388
50 50 18.667337
50 51 17.545598
50 52 16.478933
50 53 15.461256
50 54 14.485959
50 55 13.546137
50 56 12.634739
50 57 11.744659
50 58 10.868781
50 59 10.000000

51 0 10.000000
51 1 10.794731
51 2 11.595564
51 3 12.408581
51 4 13.239812
51 5 14.095196
51 6 14.980502
51 7 15.901225
51 8 16.862432
51 9 17.868544
51 10 18.923057
51 11 20.028184
51 12 21.184426
51 13 22.390091
51 14 23.640793
51 15 24.929011
51 16 26.243777
51 17 27.570638
51 18 28.891968
51 19 30.187707
51 20 31.436493
51 21 32.617016
51 22 33.709353
51 23 34.696034
51 24 35.562656
51 25 36.298046
51 26 36.894033
51 27 37.345001
51 28 37.647349
51 29 37.798994
51 30 37.798994
51 31 37.647349
51 32 37.345001
51 33 36.894033
51 34 36.298046
51 35 35.562656
51 36 34.696034
51 37 33.709353
51 38 32.617016
51 39 31.436493
51 40 30.187707
51 41 28.891968
51 42 27.570638
51 43 26.243777
51 44 24.929011
51 45 23.640793
51 46 22.390091
51 47 21.184426
51 48 20.028184
51 49 18.923057
51 50 17.868544
51 51 16.862432
51 52 15.901225
51 53 14.980502
51 54 14.095196
51 55 13.239812
51 56 12.408581
51 57 11.595564
51 58 10.794731
51 59 10.000000

52 0 10.000000
52 1 10.712235
52 2 11.429606
52 3 12.157211
52 4 12.900059
52 5 13.663018
52 6 14.450726
52 7 15.267484
52 8 16.117112
52 9 17.002759
52 10 17.926673
52 11 18.889925
52 12 19.892094
52 13 20.930944
52 14 22.002107
52 15 23.098834
52 16 24.211868
52 17 25.329496
52 18 26.437844
52 19 27.521414
52 20 28.563838
52 21 29.548760
52 22 30.460688
52 23 31.285712
52 24 32.011962
52 25 32.629805
52 26 33.131806
52 27 33.512526
52 28 33.768235
52 29 33.896633
52 30 33.896633
52 31 33.768235
52 32 33.512526
52 33 33.131806
52 34 32.629805
52 35 32.011962
52 36 31.285712
52 37 30.460688
52 38 29.548760
52 39 28.563838
52 40 27.521414
52 41 26.437844
52 42 25.329496
52 43 24.211868
52 44 23.098834
52 45 22.002107
52 46 20.930944
52 47 19.892094
52 48 18.889925
52 49 17.926673
52 50 17.002759
52 51 16.117112
52 52 15.267484
52 53 14.450726
52 54 13.663018
52 55 12.900059
52 56 12.157211
52 57 11.429606
52 58 10.712235
52 59 10.000000

53 0 10.000000
53 1 10.622630
53 2 11.249485
53 3 11.884741
53 4 12.532472
53 5 13.196587
53 6 13.880743
53 7 14.588249
53 8 15.321939
53 9 16.084009
53 10 16.875843
53 11 17.697799
53 12 18.548992
53 13 19.427074
53 14 20.328038
53 15 21.246088
53 16 22.173598
53 17 23.101199
53 18 24.018017
53 19 24.912068
53 20 25.770772
53 21 26.581531
53 22 27.332307
53 23 28.012103
53 24 28.611310
53 25 29.121897
53 26 29.537445
53 27 29.853077
53 28 30.065327
53 29 30.171987
53 30 30.171987
53 31 30.065327
53 32 29.853077
53 33 29.537445
53 34 29.121897
53 35 28.611310
53 36 28.012103
53 37 27.332307
53 38 26.581531
53 39 25.770772
53 40 24.912068
53 41 24.018017
53 42 23.101199
53 43 22.173598
53 44 21.246088
53 45 20.328038
53 46 19.427074
53 47 18.548992
53 48 17.697799
53 49 16.875843
53 50 16.084009
53 51 15.321939
53 52 14.588249
53 53 13.880743
53 54 13.196587
53 55 12.532472
53 56 11.884741
53 57 11.249485
53 58 10.622630
53 59 10.000000

54 0 10.000000
54 1 10.527178
54 2 11.057736
54 3 11.595004
54 4 12.142211
54 5 12.702415
54 6 13.278439
54 7 13.872776
54 8 14.487484
54 9 15.124064
54 10 15.783320
54 11 16.465207
54 12 17.168675
54 13 17.891532
54 14 18.630319
54 15 19.380249
54 16 20.135204
54 17 20.887825
54 18 21.629701
54 19 22.351648
54 20 23.044064
54 21 23.697325
54 22 24.302169
54 23 24.850034
54 24 25.333318
54 25 25.745532
54 26 26.081374
54 27 26.336719
54 28 26.508565
54 29 26.594966
54 30 26.594966
54 31 26.508565
54 32 26.336719
54 33 26.081374
54 34 25.745532
54 35 25.333318
54 36 24.850034
54 37 24.302169
54 38 23.697325
54 39 23.044064
54 40 22.351648
54 41 21.629701
54 42 20.887825
54 43 20.135204
54 44 19.380249
54 45 18.630319
54 46 17.891532
54 47 17.168675
54 48 16.465207
54 49 15.783320
54 50 15.124064
54 51 14.487484
54 52 13.872776
54 53 13.278439
54 54 12.702415
54 55 12.142211
54 56 11.595004
54 57 11.057736
54 58 10.527178
54 59 10.000000

55 0 10.000000
55 1 10.427047
55 2 10.856698
55 3 11.291514
55 4 11.733958
55 5 12.186348
55 6 12.650790
55 7 13.129107
55 8 13.622756
55 9 14.132735
55 10 14.659476
55 11 15.202742
55 12 15.761523
55 13 16.333940
55 14 16.917179
55 15 17.507456
55 16 18.100040
55 17 18.689324
55 18 19.268968
55 19 19.832099
55 20 20.371551
55 21 20.880132
55 22 21.350893
55 23 21.777352
55 24 22.153690
55 25 22.474872
55 26 22.736719
55 27 22.935930
55 28 23.070067
55 29 23.137531
55 30 23.137531
55 31 23.070067
55 32 22.935930
55 33 22.736719
55 34 22.474872
55 35 22.153690
55 36 21.777352
55 37 21.350893
55 38 20.880132
55 39 20.371551
55 40 19.832099
55 41 19.268968
55 42 18.689324
55 43 18.100040
55 44 17.507456
55 45 16.917179
55 46 16.333940
55 47 15.761523
55 48 15.202742
55 49 14.659476
55 50 14.132735
55 51 13.622756
55 52 13.129107
55 53 12.650790
55 54 12.186348
55 55 11.733958
55 56 11.291514
55 57 10.856698
55 58 10.427047
55 59 10.000000

56 0 10.000000
56 1 10.323311
56 2 10.648514
56 3 10.977464
56 4 11.311939
56 5 11.653599
56 6 12.003935
56 7 12.364216
56 8 12.735428
56 9 13.118205
56 10 13.512758
56 11 13.918805
56 12 14.335498
56 13 14.761371
56 14 15.194296
56 15 15.631471
56 16 16.069443
56 17 16.504164
56 18 16.931092
56 19 17.345324
56 20 17.741763
56 21 18.115288
56 22 18.460933
56 23 18.774042
56 24 19.050403
56 25 19.286336
56 26 19.478758
56 27 19.625207
56 28 19.723849
56 29 19.773472
56 30 19.773472
56 31 19.723849
56 32 19.625207
56 33 19.478758
56 34 19.286336
56 35 19.050403
56 36 18.774042
56 37 18.460933
56 38 18.115288
56 39 17.741763
56 40 17.345324
56 41 16.931092
56 42 16.504164
56 43 16.069443
56 44 15.631471
56 45 15.194296
56 46 14.761371
56 47 14.335498
56 48 13.918805
56 49 13.512758
56 50 13.118205
56 51 12.735428
56 52 12.364216
56 53 12.003935
56 54 11.653599
56 55 11.311939
56 56 10.977464
56 57 10.648514
56 58 10.323311
56 59 10.000000

57 0 10.000000
57 1 10.216956
57 2 10.435143
57 3 10.655767
57 4 10.879977
57 5 11.108843
57 6 11.343316
57 7 11.584197
57 8 11.832093
57 9 12.087375
57 10 12.350132
57 11 12.620131
57 12 12.896768
57 13 13.179042
57 14 13.465530
57 15 13.754383
57 16 14.043345
57 17 14.329790
57 18 14.610786
57 19 14.883178
57 20 15.143691
57 21 15.389033
57 22 15.616004
57 23 15.821596
57 24 16.003071
57 25 16.158024
57 26 16.284428
57 27 16.380653
57 28 16.445479
57 29 16.478094
57 30 16.478094
57 31 16.445479
57 32 16.380653
57 33 16.284428
57 34 16.158024
57 35 16.003071
57 36 15.821596
57 37 15.616004
57 38 15.389033
57 39 15.143691
57 40 14.883178
57 41 14.610786
57 42 14.329790
57 43 14.043345
57 44 13.754383
57 45 13.465530
57 46 13.179042
57 47 12.896768
57 48 12.620131
57 49 12.350132
57 50 12.087375
57 51 11.832093
57 52 11.584197
57 53 11.343316
57 54 11.108843
57 55 10.879977
57 56 10.655767
57 57 10.435143
57 58 10.216956
57 59 10.000000

58 0 10.000000
58 1 10.108898
58 2 10.218401
58 3 10.329104
58 4 10.441571
58 5 10.556325
58 6 10.673829
58 7 10.794469
58 8 10.918535
58 9 11.046197
58 10 11.177485
58 11 11.312269
58 12 11.450236
58 13 11.590880
58 14 11.733489
58 15 11.877144
58 16 12.020731
58 17 12.162959
58 18 12.302388
58 19 12.437475
58 20 12.566617
58 21 12.688203
58 22 12.800666
58 23 12.902530
58 24 12.992446
58 25 13.069227
58 26 13.131868
58 27 13.179559
58 28 13.211691
58 29 13.227859
58 30 13.227859
58 31 13.211691
58 32 13.179559
58 33 13.131868
58 34 13.069227
58 35 12.992446
58 36 12.902530
58 37 12.800666
58 38 12.688203
58 39 12.566617
58 40 12.437475
58 41 12.302388
58 42 12.162959
58 43 12.020731
58 44 11.877144
58 45 11.733489
58 46 11.590880
58 47 11.450236
58 48 11.312269
58 49 11.177485
58 50 11.046197
58 51 10.918535
58 52 10.794469
58 53 10.673829
58 54 10.556325
58 55 10.441571
58 56 10.329104
58 57 10.218401
58 58 10.108898
58 59 10.000000

59 0 10.000000
59 1 10.000000
59 2 10.000000
59 3 10.000000
59 4 10.000000
59 5 10.000000
59 6 10.000000
59 7 10.000000
59 8 10.000000
59 9 10.000000
59 10 10.000000
59 11 10.000000
59 12 10.000000
59 13 10.000000
59 14 10.000000
59 15 10.000000
59 16 10.000000
59 17 10.000000
59 18 10.000000
59 19 10.000000
59 20 10.000000
59 21 10.000000
59 22 10.000000
59 23 10.000000
59 24 10.000000
59 25 10.000000
59 26 10.000000
59 27 10.000000
59 28 10.000000
59 29 10.000000
59 30 10.000000
59 31 10.000000
59 32 10.000000
59 33 10.000000
59 34 10.000000
59 35 10.000000
59 36 10.000000
59 37 10.000000
59 38 10.000000
59 39 10.000000
59 40 10.000000
59 41 10.000000
59 42 10.000000
59 43 10.000000
59 44 10.000000
59 45 10.000000
59 46 10.000000
59 47 10.000000
59 48 10.000000
59 49 10.000000
59 50 10.000000
59 51 10.000000
59 52 10.000000
59 53 10.000000
59 54 10.000000
59 55 10.000000
59 56 10.000000
59 57 10.000000
59 58 10.000000
59 59 10.000000

